2025 3 13 21 17 31 0.04 -0.55 0.94
2025 3 13 21 17 31 0.10 -0.51 0.94
2025 3 13 21 17 32 0.09 -0.39 0.91
2025 3 13 21 17 32 0.17 -0.41 0.94
2025 3 13 21 17 32 0.18 -0.34 0.91
2025 3 13 21 17 32 0.24 -0.43 1.01
2025 3 13 21 17 32 0.20 -0.33 0.95
2025 3 13 21 17 32 0.14 -0.31 1.01
2025 3 13 21 17 32 0.17 -0.29 0.90
2025 3 13 21 17 32 0.24 -0.45 0.90
2025 3 13 21 17 33 0.21 -0.44 0.94
2025 3 13 21 17 33 0.33 -0.53 0.91
2025 3 13 21 17 33 0.65 -0.64 0.80
2025 3 13 21 17 33 0.69 -0.65 0.51
2025 3 13 21 17 33 0.76 -0.50 0.32
2025 3 13 21 17 33 0.65 -0.48 0.42
2025 3 13 21 17 33 0.59 -0.57 0.67
2025 3 13 21 17 33 0.49 -0.68 0.53
2025 3 13 21 17 34 0.34 -0.68 0.72
2025 3 13 21 17 34 0.28 -0.59 0.67
2025 3 13 21 17 34 0.27 -0.76 0.64
2025 3 13 21 17 34 0.33 -0.71 0.56
2025 3 13 21 17 34 0.42 -0.70 0.65
2025 3 13 21 17 34 0.47 -0.88 0.46
2025 3 13 21 17 34 0.51 -0.77 0.53
2025 3 13 21 17 34 0.48 -0.68 0.60
2025 3 13 21 17 34 0.58 -0.51 0.28
2025 3 13 21 17 35 0.60 -0.61 0.28
2025 3 13 21 17 35 0.52 -0.86 0.37
2025 3 13 21 17 35 0.62 -0.83 0.28
2025 3 13 21 17 35 0.60 -0.70 0.43
2025 3 13 21 17 35 0.67 -0.61 0.46
2025 3 13 21 17 35 0.58 -0.69 0.31
2025 3 13 21 17 35 0.57 -0.75 0.46
2025 3 13 21 17 35 0.56 -0.76 -0.11
2025 3 13 21 17 36 0.65 -0.40 0.09
2025 3 13 21 17 36 0.45 -0.84 0.49
2025 3 13 21 17 36 0.55 -0.29 0.57
2025 3 13 21 17 36 0.49 -0.37 0.38
2025 3 13 21 17 36 0.54 -0.75 0.37
2025 3 13 21 17 36 0.69 -0.74 0.45
2025 3 13 21 17 36 0.91 -0.86 0.40
2025 3 13 21 17 36 0.72 -0.55 0.42
2025 3 13 21 17 37 0.70 -0.38 0.48
2025 3 13 21 17 37 0.83 -0.27 0.49
2025 3 13 21 17 37 0.85 -0.13 0.51
2025 3 13 21 17 37 0.84 -0.22 0.60
2025 3 13 21 17 37 0.80 -0.31 0.55
2025 3 13 21 17 37 0.80 -0.33 0.61
2025 3 13 21 17 37 0.86 -0.32 0.57
2025 3 13 21 17 37 0.85 -0.34 0.54
2025 3 13 21 17 38 0.88 -0.30 0.52
2025 3 13 21 17 38 0.81 -0.20 0.46
2025 3 13 21 17 38 0.78 -0.17 0.37
2025 3 13 21 17 38 0.85 -0.17 0.43
2025 3 13 21 17 38 0.86 -0.13 0.41
2025 3 13 21 17 38 0.90 -0.14 0.38
2025 3 13 21 17 38 0.93 -0.14 0.47
2025 3 13 21 17 38 0.91 -0.20 0.51
2025 3 13 21 17 38 0.87 -0.19 0.47
2025 3 13 21 17 39 0.84 -0.25 0.42
2025 3 13 21 17 39 0.87 -0.20 0.43
2025 3 13 21 17 39 0.89 -0.27 0.44
2025 3 13 21 17 39 0.89 -0.22 0.42
2025 3 13 21 17 39 0.90 -0.18 0.41
2025 3 13 21 17 39 0.90 -0.26 0.37
2025 3 13 21 17 39 0.91 -0.24 0.35
2025 3 13 21 17 39 0.93 -0.28 0.41
2025 3 13 21 17 40 0.89 -0.25 0.42
2025 3 13 21 17 40 0.89 -0.26 0.35
2025 3 13 21 17 40 0.90 -0.29 0.39
2025 3 13 21 17 40 0.85 -0.20 0.42
2025 3 13 21 17 40 0.94 -0.29 0.38
2025 3 13 21 17 40 0.86 -0.20 0.43
2025 3 13 21 17 40 0.89 -0.32 0.42
2025 3 13 21 17 40 0.89 -0.28 0.43
2025 3 13 21 17 41 0.90 -0.25 0.42
2025 3 13 21 17 41 0.90 -0.25 0.39
2025 3 13 21 17 41 0.87 -0.24 0.38
2025 3 13 21 17 41 0.89 -0.24 0.39
2025 3 13 21 17 41 0.90 -0.24 0.39
2025 3 13 21 17 41 0.90 -0.22 0.39
2025 3 13 21 17 41 0.91 -0.24 0.37
2025 3 13 21 17 41 0.90 -0.25 0.38
2025 3 13 21 17 41 0.90 -0.18 0.38
2025 3 13 21 17 42 0.92 -0.26 0.35
2025 3 13 21 17 42 0.93 -0.21 0.38
2025 3 13 21 17 42 0.93 -0.23 0.39
2025 3 13 21 17 42 0.90 -0.18 0.41
2025 3 13 21 17 42 0.93 -0.18 0.34
2025 3 13 21 17 42 0.87 -0.13 0.40
2025 3 13 21 17 42 0.69 0.11 0.27
2025 3 13 21 17 42 0.87 -0.04 0.47
2025 3 13 21 17 43 0.96 0.06 0.55
2025 3 13 21 17 43 0.90 0.09 0.49
2025 3 13 21 17 43 0.92 0.07 0.47
2025 3 13 21 17 43 0.87 0.25 0.49
2025 3 13 21 17 43 0.73 0.23 0.47
2025 3 13 21 17 43 0.78 0.22 0.57
2025 3 13 21 17 43 0.76 0.22 0.61
2025 3 13 21 17 43 0.70 0.28 0.70
2025 3 13 21 17 44 0.88 0.06 0.77
2025 3 13 21 17 44 0.78 0.07 0.82
2025 3 13 21 17 44 0.65 0.12 0.69
2025 3 13 21 17 44 0.66 0.17 0.77
2025 3 13 21 17 44 0.63 0.23 0.80
2025 3 13 21 17 44 0.58 0.23 0.74
2025 3 13 21 17 44 0.66 0.22 0.82
2025 3 13 21 17 44 0.63 0.09 0.77
2025 3 13 21 17 45 0.63 0.13 0.78
2025 3 13 21 17 45 0.64 0.12 0.81
2025 3 13 21 17 45 0.58 0.06 0.73
2025 3 13 21 17 45 0.65 0.10 0.80
2025 3 13 21 17 45 0.64 0.06 0.77
2025 3 13 21 17 45 0.66 0.08 0.79
2025 3 13 21 17 45 0.60 0.06 0.77
2025 3 13 21 17 45 0.63 0.19 1.05
2025 3 13 21 17 45 0.69 0.05 0.82
2025 3 13 21 17 46 0.56 0.04 0.84
2025 3 13 21 17 46 0.71 0.10 0.78
2025 3 13 21 17 46 0.56 0.15 0.92
2025 3 13 21 17 46 0.59 0.08 0.83
2025 3 13 21 17 46 0.56 0.21 0.79
2025 3 13 21 17 46 0.55 0.16 0.81
2025 3 13 21 17 46 0.53 0.17 0.82
2025 3 13 21 17 46 0.58 0.14 0.90
2025 3 13 21 17 47 0.54 0.08 0.91
2025 3 13 21 17 47 0.52 0.12 0.88
2025 3 13 21 17 47 0.52 -0.01 0.87
2025 3 13 21 17 47 0.46 0.20 1.00
2025 3 13 21 17 47 0.45 0.22 0.86
2025 3 13 21 17 47 0.39 0.18 0.91
2025 3 13 21 17 47 0.25 0.41 0.80
2025 3 13 21 17 47 0.40 -0.01 0.82
2025 3 13 21 17 48 0.36 0.26 0.91
2025 3 13 21 17 48 0.39 0.20 0.93
2025 3 13 21 17 48 0.40 0.24 0.88
2025 3 13 21 17 48 0.42 0.23 0.92
2025 3 13 21 17 48 0.39 0.19 0.92
2025 3 13 21 17 48 0.40 0.21 0.91
2025 3 13 21 17 48 0.41 0.23 0.92
2025 3 13 21 17 48 0.38 0.27 0.87
2025 3 13 21 17 48 0.39 0.30 0.90
2025 3 13 21 17 49 0.38 0.22 0.94
2025 3 13 21 17 49 0.38 0.19 0.93
2025 3 13 21 17 49 0.38 0.18 0.93
2025 3 13 21 17 49 0.32 0.17 0.97
2025 3 13 21 17 49 0.28 0.15 0.97
2025 3 13 21 17 49 0.25 0.40 1.08
2025 3 13 21 17 49 0.09 0.53 0.79
2025 3 13 21 17 49 0.10 0.32 0.96
2025 3 13 21 17 50 0.08 0.13 0.66
2025 3 13 21 17 50 0.01 0.30 0.97
2025 3 13 21 17 50 0.04 0.39 0.94
2025 3 13 21 17 50 0.06 0.46 0.92
2025 3 13 21 17 50 0.02 0.44 0.97
2025 3 13 21 17 50 -0.02 0.46 0.89
2025 3 13 21 17 50 0.03 0.44 0.99
2025 3 13 21 17 50 0.07 0.40 0.98
2025 3 13 21 17 51 0.16 0.39 0.95
2025 3 13 21 17 51 0.11 0.29 0.94
2025 3 13 21 17 51 0.09 0.56 0.88
2025 3 13 21 17 51 0.05 0.52 0.90
2025 3 13 21 17 51 0.05 0.49 0.90
2025 3 13 21 17 51 -0.02 0.57 0.83
2025 3 13 21 17 51 -0.01 0.50 0.88
2025 3 13 21 17 51 0.02 0.64 0.72
2025 3 13 21 17 51 -0.04 0.53 0.91
2025 3 13 21 17 52 0.07 0.49 0.88
2025 3 13 21 17 52 -0.04 0.61 0.84
2025 3 13 21 17 52 -0.05 0.56 0.84
2025 3 13 21 17 52 0.11 0.31 0.94
2025 3 13 21 17 52 -0.23 0.55 0.76
2025 3 13 21 17 52 0.02 0.47 0.88
2025 3 13 21 17 52 0.08 0.46 0.88
2025 3 13 21 17 52 0.10 0.49 0.74
2025 3 13 21 17 53 0.05 0.41 0.90
2025 3 13 21 17 53 0.80 0.25 1.03
2025 3 13 21 17 53 0.39 0.48 0.66
2025 3 13 21 17 53 0.41 0.60 0.71
2025 3 13 21 17 53 0.43 0.54 0.62
2025 3 13 21 17 53 0.50 0.58 0.65
2025 3 13 21 17 53 0.50 0.58 0.68
2025 3 13 21 17 53 0.49 0.55 0.74
2025 3 13 21 17 54 0.58 0.55 0.78
2025 3 13 21 17 54 0.46 0.43 0.73
2025 3 13 21 17 54 0.51 0.35 0.84
2025 3 13 21 17 54 0.52 0.40 0.80
2025 3 13 21 17 54 0.52 0.41 0.78
2025 3 13 21 17 54 0.45 0.33 0.81
2025 3 13 21 17 54 0.44 0.39 0.83
2025 3 13 21 17 54 0.42 0.38 0.84
2025 3 13 21 17 55 0.48 0.36 0.83
2025 3 13 21 17 55 0.45 0.40 0.84
2025 3 13 21 17 55 0.41 0.37 0.82
2025 3 13 21 17 55 0.41 0.33 0.82
2025 3 13 21 17 55 0.45 0.37 0.83
2025 3 13 21 17 55 0.45 0.30 0.86
2025 3 13 21 17 55 0.23 -0.38 1.00
2025 3 13 21 17 55 0.43 0.28 0.90
2025 3 13 21 17 55 0.43 0.21 0.88
2025 3 13 21 17 56 0.37 0.23 0.92
2025 3 13 21 17 56 0.46 0.39 0.87
2025 3 13 21 17 56 0.45 0.28 0.88
2025 3 13 21 17 56 0.44 0.29 0.87
2025 3 13 21 17 56 0.42 0.32 0.88
2025 3 13 21 17 56 0.44 0.28 0.87
2025 3 13 21 17 56 0.43 0.32 0.86
2025 3 13 21 17 56 0.45 0.29 0.87
2025 3 13 21 17 57 0.43 0.29 0.87
2025 3 13 21 17 57 0.44 0.29 0.87
2025 3 13 21 17 57 0.43 0.30 0.88
2025 3 13 21 17 57 0.39 0.36 0.96
2025 3 13 21 17 57 0.47 0.23 0.92
2025 3 13 21 17 57 0.42 0.25 0.84
2025 3 13 21 17 57 0.43 0.21 0.88
2025 3 13 21 17 57 0.40 0.23 0.90
2025 3 13 21 17 58 0.42 0.20 0.90
2025 3 13 21 17 58 0.42 0.17 0.91
2025 3 13 21 17 58 0.42 0.18 0.92
2025 3 13 21 17 58 0.41 0.18 0.93
2025 3 13 21 17 58 0.39 0.22 0.92
2025 3 13 21 17 58 0.31 0.29 1.11
2025 3 13 21 17 58 0.42 0.26 0.88
2025 3 13 21 17 58 0.42 0.26 0.89
2025 3 13 21 17 58 0.40 0.20 0.83
2025 3 13 21 17 59 0.44 0.28 0.88
2025 3 13 21 17 59 0.43 0.21 0.90
2025 3 13 21 17 59 0.41 0.20 0.91
2025 3 13 21 17 59 0.42 0.19 0.91
2025 3 13 21 17 59 0.41 0.19 0.91
2025 3 13 21 17 59 0.42 0.22 0.89
2025 3 13 21 17 59 0.41 0.19 0.91
2025 3 13 21 17 59 0.41 0.19 0.92
2025 3 13 21 18 0 0.41 0.21 0.91
2025 3 13 21 18 0 0.76 -0.39 0.04
2025 3 13 21 18 0 0.43 0.29 0.86
2025 3 13 21 18 0 0.43 0.28 0.88
2025 3 13 21 18 0 0.34 0.35 0.90
2025 3 13 21 18 0 0.46 0.24 0.89
2025 3 13 21 18 0 0.44 0.27 0.88
2025 3 13 21 18 0 0.43 0.28 0.87
2025 3 13 21 18 1 0.43 0.28 0.88
2025 3 13 21 18 1 0.43 0.27 0.88
2025 3 13 21 18 1 0.41 0.31 0.88
2025 3 13 21 18 1 0.44 0.30 0.86
2025 3 13 21 18 1 0.46 0.23 0.88
2025 3 13 21 18 1 0.42 0.27 0.89
2025 3 13 21 18 1 0.42 0.26 0.89
2025 3 13 21 18 1 0.45 0.26 0.88
2025 3 13 21 18 2 0.46 0.24 0.89
2025 3 13 21 18 2 0.51 0.29 0.91
2025 3 13 21 18 2 0.42 0.27 0.91
2025 3 13 21 18 2 0.40 0.28 0.91
2025 3 13 21 18 2 0.43 0.28 0.88
2025 3 13 21 18 2 0.42 0.27 0.88
2025 3 13 21 18 2 0.42 0.27 0.88
2025 3 13 21 18 2 0.37 0.29 0.90
2025 3 13 21 18 2 0.41 0.21 0.90
2025 3 13 21 18 3 0.48 0.32 0.82
2025 3 13 21 18 3 1.27 -0.50 0.86
2025 3 13 21 18 3 0.51 0.54 0.95
2025 3 13 21 18 3 0.52 0.70 0.75
2025 3 13 21 18 3 0.39 0.83 0.62
2025 3 13 21 18 3 0.41 0.58 0.47
2025 3 13 21 18 3 0.22 0.74 0.37
2025 3 13 21 18 3 0.24 0.98 -0.03
2025 3 13 21 18 4 0.21 1.11 0.14
2025 3 13 21 18 4 0.17 0.98 -0.01
2025 3 13 21 18 4 0.27 0.92 -0.22
2025 3 13 21 18 4 0.29 0.93 -0.27
2025 3 13 21 18 4 0.27 0.79 0.27
2025 3 13 21 18 4 0.31 0.85 -0.34
2025 3 13 21 18 4 0.30 0.92 -0.25
2025 3 13 21 18 4 1.38 1.45 -2.83
2025 3 13 21 18 5 0.14 0.85 -0.27
2025 3 13 21 18 5 0.32 0.97 -0.21
2025 3 13 21 18 5 0.29 0.99 -0.11
2025 3 13 21 18 5 0.28 0.91 -0.20
2025 3 13 21 18 5 0.08 0.94 -0.15
2025 3 13 21 18 5 0.15 0.94 -0.21
2025 3 13 21 18 5 0.13 1.04 -0.15
2025 3 13 21 18 5 -0.07 0.95 -0.08
2025 3 13 21 18 5 -0.12 0.97 -0.25
2025 3 13 21 18 6 -0.17 0.96 -0.09
2025 3 13 21 18 6 -0.35 0.95 -0.11
2025 3 13 21 18 6 -0.58 0.08 -0.04
2025 3 13 21 18 6 -0.55 0.84 -0.13
2025 3 13 21 18 6 -0.74 0.70 0.02
2025 3 13 21 18 6 -0.53 0.54 0.05
2025 3 13 21 18 6 -0.45 0.71 -0.20
2025 3 13 21 18 6 -0.39 1.00 -0.21
2025 3 13 21 18 7 -0.40 0.82 -0.15
2025 3 13 21 18 7 -0.25 1.18 -0.32
2025 3 13 21 18 7 -0.23 1.06 -0.23
2025 3 13 21 18 7 -0.35 0.90 -0.18
2025 3 13 21 18 7 -0.31 0.85 -0.23
2025 3 13 21 18 7 -0.25 0.82 -0.33
2025 3 13 21 18 7 -0.52 0.65 0.10
2025 3 13 21 18 7 -0.54 0.96 -0.21
2025 3 13 21 18 8 -0.53 0.83 -0.14
2025 3 13 21 18 8 -0.57 0.75 -0.15
2025 3 13 21 18 8 -0.58 0.70 -0.11
2025 3 13 21 18 8 -0.61 0.75 -0.10
2025 3 13 21 18 8 -0.65 0.72 -0.18
2025 3 13 21 18 8 -0.61 0.74 -0.19
2025 3 13 21 18 8 -0.68 0.55 -0.10
2025 3 13 21 18 8 -0.68 0.62 0.05
2025 3 13 21 18 8 -0.66 0.82 -0.18
2025 3 13 21 18 9 -0.68 0.66 -0.15
2025 3 13 21 18 9 -0.73 0.65 -0.20
2025 3 13 21 18 9 -0.70 0.66 -0.25
2025 3 13 21 18 9 -0.83 0.55 0.08
2025 3 13 21 18 9 -0.56 0.82 0.37
2025 3 13 21 18 9 -0.26 1.02 -0.18
2025 3 13 21 18 9 -0.34 1.02 0.07
2025 3 13 21 18 9 -0.54 0.63 -0.78
2025 3 13 21 18 10 -0.62 0.59 -0.45
2025 3 13 21 18 10 -0.32 0.96 -0.59
2025 3 13 21 18 10 -0.90 0.47 0.68
2025 3 13 21 18 10 -0.66 0.48 -0.80
2025 3 13 21 18 10 -0.67 0.71 0.15
2025 3 13 21 18 10 -0.20 0.94 -0.75
2025 3 13 21 18 10 -0.30 0.71 -0.62
2025 3 13 21 18 10 -0.33 0.57 -0.43
2025 3 13 21 18 11 -0.35 0.76 -0.47
2025 3 13 21 18 11 -0.40 0.70 -0.47
2025 3 13 21 18 11 -0.42 0.85 -0.55
2025 3 13 21 18 11 -0.51 0.69 -0.39
2025 3 13 21 18 11 -0.52 0.63 -0.35
2025 3 13 21 18 11 -0.81 0.44 -0.31
2025 3 13 21 18 11 -0.76 0.56 -0.12
2025 3 13 21 18 11 -0.72 0.87 -0.25
2025 3 13 21 18 12 -1.19 0.20 0.06
2025 3 13 21 18 12 -0.85 0.40 0.03
2025 3 13 21 18 12 -0.86 0.47 -0.07
2025 3 13 21 18 12 -1.09 0.09 0.30
2025 3 13 21 18 12 -0.94 -0.01 -0.09
2025 3 13 21 18 12 0.06 0.22 0.58
2025 3 13 21 18 12 -0.31 0.74 0.25
2025 3 13 21 18 12 -0.69 0.50 0.10
2025 3 13 21 18 12 -0.31 0.80 0.16
2025 3 13 21 18 13 -0.29 0.91 0.60
2025 3 13 21 18 13 -0.29 1.27 -0.15
2025 3 13 21 18 13 -0.33 0.68 -0.14
2025 3 13 21 18 13 -0.38 0.73 -0.45
2025 3 13 21 18 13 -0.53 0.73 -0.55
2025 3 13 21 18 13 -0.68 0.37 -0.59
2025 3 13 21 18 13 -0.51 0.62 -0.65
2025 3 13 21 18 13 -0.54 0.54 -0.54
2025 3 13 21 18 14 -0.51 0.50 -0.60
2025 3 13 21 18 14 -0.40 0.43 -0.88
2025 3 13 21 18 14 -0.41 0.43 -0.58
2025 3 13 21 18 14 -0.29 0.54 -0.77
2025 3 13 21 18 14 -0.46 0.53 -0.80
2025 3 13 21 18 14 -0.42 0.48 -0.72
2025 3 13 21 18 14 -0.21 0.57 -0.62
2025 3 13 21 18 14 -0.10 0.82 -0.50
2025 3 13 21 18 15 0.40 1.05 -0.22
2025 3 13 21 18 15 0.59 0.72 -0.27
2025 3 13 21 18 15 0.53 0.94 -0.05
2025 3 13 21 18 15 0.52 0.92 -0.04
2025 3 13 21 18 15 0.42 0.93 -0.07
2025 3 13 21 18 15 0.31 0.85 0.07
2025 3 13 21 18 15 0.26 0.83 0.04
2025 3 13 21 18 15 0.31 0.96 0.22
2025 3 13 21 18 15 0.27 0.92 0.13
2025 3 13 21 18 16 0.27 0.84 0.11
2025 3 13 21 18 16 0.32 0.81 0.05
2025 3 13 21 18 16 0.42 0.99 0.16
2025 3 13 21 18 16 0.41 0.86 0.15
2025 3 13 21 18 16 0.41 0.86 0.21
2025 3 13 21 18 16 0.29 0.78 -0.01
2025 3 13 21 18 16 0.29 0.87 0.26
2025 3 13 21 18 16 0.34 0.84 0.12
2025 3 13 21 18 17 0.37 1.00 0.19
2025 3 13 21 18 17 0.34 0.85 0.19
2025 3 13 21 18 17 0.37 0.61 0.03
2025 3 13 21 18 17 0.41 1.00 0.45
2025 3 13 21 18 17 0.26 0.67 0.63
2025 3 13 21 18 17 0.30 0.53 0.44
2025 3 13 21 18 17 0.28 0.83 0.17
2025 3 13 21 18 17 0.28 0.75 0.32
2025 3 13 21 18 18 0.25 0.63 0.56
2025 3 13 21 18 18 0.42 0.56 0.40
2025 3 13 21 18 18 0.21 0.70 0.35
2025 3 13 21 18 18 0.03 0.82 0.51
2025 3 13 21 18 18 0.28 0.27 0.51
2025 3 13 21 18 18 -0.14 0.95 0.60
2025 3 13 21 18 18 -0.18 0.81 0.44
2025 3 13 21 18 18 -0.31 0.99 0.41
2025 3 13 21 18 19 -0.62 0.83 0.75
2025 3 13 21 18 19 0.09 0.98 0.49
2025 3 13 21 18 19 0.13 0.87 0.44
2025 3 13 21 18 19 0.16 0.67 0.58
2025 3 13 21 18 19 0.33 0.70 0.52
2025 3 13 21 18 19 0.49 0.63 0.73
2025 3 13 21 18 19 0.47 0.52 0.73
2025 3 13 21 18 19 0.58 0.56 0.64
2025 3 13 21 18 19 0.49 0.63 0.75
2025 3 13 21 18 20 0.64 0.63 1.10
2025 3 13 21 18 20 0.13 0.55 0.49
2025 3 13 21 18 20 -0.16 0.83 0.39
2025 3 13 21 18 20 -0.41 0.85 0.47
2025 3 13 21 18 20 -0.50 0.82 0.35
2025 3 13 21 18 20 -0.55 0.84 0.29
2025 3 13 21 18 20 -0.56 0.51 0.19
2025 3 13 21 18 20 -0.65 0.91 0.18
2025 3 13 21 18 21 -0.54 0.72 0.22
2025 3 13 21 18 21 -0.53 0.81 0.16
2025 3 13 21 18 21 -0.46 0.87 0.18
2025 3 13 21 18 21 -0.45 0.83 0.12
2025 3 13 21 18 21 -0.46 0.87 0.14
2025 3 13 21 18 21 -0.51 0.85 0.19
2025 3 13 21 18 21 -0.51 0.83 0.30
2025 3 13 21 18 21 -0.50 0.78 0.39
2025 3 13 21 18 22 -0.45 0.86 0.34
2025 3 13 21 18 22 -0.45 0.82 0.35
2025 3 13 21 18 22 -0.46 0.78 0.37
2025 3 13 21 18 22 -0.47 0.79 0.40
2025 3 13 21 18 22 -0.42 0.77 0.33
2025 3 13 21 18 22 -0.42 0.80 0.20
2025 3 13 21 18 22 -0.36 0.58 -0.02
2025 3 13 21 18 22 -0.29 0.99 -0.14
2025 3 13 21 18 23 -0.59 0.77 -0.27
2025 3 13 21 18 23 -0.45 0.78 -0.42
2025 3 13 21 18 23 -0.43 0.68 -0.46
2025 3 13 21 18 23 -0.51 0.63 -0.35
2025 3 13 21 18 23 -0.21 0.72 -0.43
2025 3 13 21 18 23 -0.29 0.85 -0.44
2025 3 13 21 18 23 -0.37 0.89 -0.22
2025 3 13 21 18 23 -0.56 0.81 -0.13
2025 3 13 21 18 23 -0.48 0.74 -0.24
2025 3 13 21 18 24 -0.42 0.78 -0.30
2025 3 13 21 18 24 -0.66 0.53 -0.23
2025 3 13 21 18 24 -0.64 0.68 -0.36
2025 3 13 21 18 24 -0.61 0.68 -0.35
2025 3 13 21 18 24 -0.63 0.55 -0.35
2025 3 13 21 18 24 -0.69 0.52 -0.45
2025 3 13 21 18 24 -0.75 0.50 -0.51
2025 3 13 21 18 24 -0.66 0.51 -0.45
2025 3 13 21 18 25 -0.66 0.55 -0.50
2025 3 13 21 18 25 -0.63 0.59 -0.58
2025 3 13 21 18 25 -0.72 0.37 -0.63
2025 3 13 21 18 25 -0.53 0.51 -0.70
2025 3 13 21 18 25 -0.50 0.49 -0.64
2025 3 13 21 18 25 -0.45 0.53 -0.69
2025 3 13 21 18 25 -0.32 0.62 -0.79
2025 3 13 21 18 25 -0.48 0.49 -0.65
2025 3 13 21 18 26 -0.61 0.52 -0.48
2025 3 13 21 18 26 -0.62 0.59 -0.38
2025 3 13 21 18 26 -0.75 0.40 -0.47
2025 3 13 21 18 26 -0.83 0.44 -0.44
2025 3 13 21 18 26 -0.81 0.32 -0.50
2025 3 13 21 18 26 -0.73 0.53 -0.25
2025 3 13 21 18 26 -0.90 0.26 -0.31
2025 3 13 21 18 26 -0.89 0.29 -0.39
2025 3 13 21 18 26 -0.84 0.32 -0.42
2025 3 13 21 18 27 -0.85 0.15 -0.31
2025 3 13 21 18 27 -1.04 0.06 -0.06
2025 3 13 21 18 27 -1.00 -0.05 0.11
2025 3 13 21 18 27 -1.05 -0.10 0.10
2025 3 13 21 18 27 -0.96 -0.01 0.22
2025 3 13 21 18 27 -0.97 -0.11 0.49
2025 3 13 21 18 27 -0.84 0.17 0.39
2025 3 13 21 18 27 -1.04 -0.11 0.29
2025 3 13 21 18 28 -1.01 0.04 0.29
2025 3 13 21 18 28 -0.99 0.11 0.20
2025 3 13 21 18 28 -0.91 0.33 0.20
2025 3 13 21 18 28 -0.97 0.26 0.07
2025 3 13 21 18 28 -0.94 0.31 0.06
2025 3 13 21 18 28 -0.96 0.35 0.22
2025 3 13 21 18 28 -0.80 0.35 0.38
2025 3 13 21 18 28 -0.86 0.36 0.55
2025 3 13 21 18 29 -0.60 0.10 0.44
2025 3 13 21 18 29 -0.82 0.35 0.45
2025 3 13 21 18 29 -0.82 0.04 0.35
2025 3 13 21 18 29 -0.96 -0.03 0.36
2025 3 13 21 18 29 -0.88 0.05 0.40
2025 3 13 21 18 29 -0.78 0.06 0.47
2025 3 13 21 18 29 -0.80 0.00 0.61
2025 3 13 21 18 29 -0.75 -0.02 0.65
2025 3 13 21 18 30 -0.74 -0.06 0.69
2025 3 13 21 18 30 -0.74 -0.04 0.73
2025 3 13 21 18 30 -0.72 -0.04 0.73
2025 3 13 21 18 30 -0.73 -0.09 0.72
2025 3 13 21 18 30 -0.73 -0.03 0.71
2025 3 13 21 18 30 -0.73 -0.05 0.70
2025 3 13 21 18 30 -0.73 -0.06 0.69
2025 3 13 21 18 30 -0.72 -0.03 0.71
2025 3 13 21 18 30 -0.72 -0.03 0.72
2025 3 13 21 18 31 -0.71 -0.03 0.74
2025 3 13 21 18 31 -0.70 -0.01 0.72
2025 3 13 21 18 31 -0.57 0.23 0.42
2025 3 13 21 18 31 -0.68 0.02 0.78
2025 3 13 21 18 31 -0.68 0.01 0.76
2025 3 13 21 18 31 -0.68 0.00 0.75
2025 3 13 21 18 31 -0.68 0.01 0.76
2025 3 13 21 18 31 -0.69 -0.03 0.77
2025 3 13 21 18 32 -0.77 -0.04 0.75
2025 3 13 21 18 32 -1.74 -0.49 1.15
2025 3 13 21 18 32 -0.69 0.15 0.48
2025 3 13 21 18 32 -0.75 0.20 0.48
2025 3 13 21 18 32 -0.95 0.15 0.52
2025 3 13 21 18 32 -0.96 0.24 0.41
2025 3 13 21 18 32 -1.17 0.34 0.43
2025 3 13 21 18 32 -0.86 0.37 0.39
2025 3 13 21 18 33 -0.78 0.50 0.48
2025 3 13 21 18 33 -0.84 0.41 0.45
2025 3 13 21 18 33 -0.83 0.32 0.51
2025 3 13 21 18 33 -0.86 0.33 0.43
2025 3 13 21 18 33 -0.98 0.35 0.42
2025 3 13 21 18 33 -0.94 0.56 0.28
2025 3 13 21 18 33 -0.87 0.47 0.15
2025 3 13 21 18 33 -0.80 0.54 0.13
2025 3 13 21 18 33 -0.85 0.39 0.21
2025 3 13 21 18 34 -0.72 0.21 0.47
2025 3 13 21 18 34 -0.79 0.26 0.51
2025 3 13 21 18 34 -0.72 0.38 0.56
2025 3 13 21 18 34 -0.78 0.31 0.55
2025 3 13 21 18 34 -0.74 0.31 0.43
2025 3 13 21 18 34 -0.84 0.39 0.38
2025 3 13 21 18 34 -0.89 0.29 0.44
2025 3 13 21 18 34 -0.98 0.13 0.53
2025 3 13 21 18 35 -0.85 0.33 0.16
2025 3 13 21 18 35 -0.85 0.16 -0.00
2025 3 13 21 18 35 -0.85 0.39 0.01
2025 3 13 21 18 35 -1.03 0.17 0.26
2025 3 13 21 18 35 -0.90 0.33 0.32
2025 3 13 21 18 35 -0.91 0.46 0.23
2025 3 13 21 18 35 -0.89 0.37 0.32
2025 3 13 21 18 35 -0.89 0.36 0.31
2025 3 13 21 18 36 -0.89 0.34 0.32
2025 3 13 21 18 36 -0.86 0.46 0.31
2025 3 13 21 18 36 -0.87 0.35 0.27
2025 3 13 21 18 36 -0.88 0.19 0.01
2025 3 13 21 18 36 -0.96 0.08 -0.05
2025 3 13 21 18 36 -0.98 0.14 -0.06
2025 3 13 21 18 36 -0.99 0.18 0.27
2025 3 13 21 18 36 -0.80 0.22 0.39
2025 3 13 21 18 37 -0.66 0.25 0.72
2025 3 13 21 18 37 -0.69 0.06 0.72
2025 3 13 21 18 37 -0.72 0.07 0.92
2025 3 13 21 18 37 -0.73 0.15 0.66
2025 3 13 21 18 37 -0.66 0.13 0.71
2025 3 13 21 18 37 -0.61 0.08 0.89
2025 3 13 21 18 37 -0.67 0.19 0.98
2025 3 13 21 18 37 -1.12 0.04 0.97
2025 3 13 21 18 37 -0.81 0.27 0.48
2025 3 13 21 18 38 -0.56 1.42 -1.39
2025 3 13 21 18 38 -0.80 0.28 -0.20
2025 3 13 21 18 38 -1.07 0.46 0.39
2025 3 13 21 18 38 -0.97 0.12 0.19
2025 3 13 21 18 38 -0.81 0.20 0.31
2025 3 13 21 18 38 -1.11 0.02 0.09
2025 3 13 21 18 38 -0.95 0.10 0.23
2025 3 13 21 18 38 -1.06 0.17 0.24
2025 3 13 21 18 39 -1.07 -0.00 0.05
2025 3 13 21 18 39 -0.96 0.25 0.25
2025 3 13 21 18 39 -1.01 0.14 0.25
2025 3 13 21 18 39 -0.89 0.18 0.08
2025 3 13 21 18 39 -1.13 0.08 0.20
2025 3 13 21 18 39 -1.01 0.09 0.53
2025 3 13 21 18 39 -0.75 0.39 0.67
2025 3 13 21 18 39 -0.83 0.01 0.47
2025 3 13 21 18 40 -0.76 0.26 0.73
2025 3 13 21 18 40 -0.87 0.02 0.59
2025 3 13 21 18 40 -0.85 0.08 0.54
2025 3 13 21 18 40 -0.83 0.14 0.61
2025 3 13 21 18 40 -0.81 0.14 0.60
2025 3 13 21 18 40 -0.79 0.01 0.62
2025 3 13 21 18 40 -0.71 -0.02 0.71
2025 3 13 21 18 40 -0.62 -0.01 0.87
2025 3 13 21 18 40 -0.63 -0.06 0.85
2025 3 13 21 18 41 -0.55 -0.04 0.85
2025 3 13 21 18 41 -0.46 0.00 0.87
2025 3 13 21 18 41 -0.48 0.12 0.89
2025 3 13 21 18 41 -0.43 0.15 0.90
2025 3 13 21 18 41 -0.47 0.22 0.90
2025 3 13 21 18 41 -0.34 0.22 0.95
2025 3 13 21 18 41 -0.30 0.11 0.96
2025 3 13 21 18 41 -0.26 0.11 1.00
2025 3 13 21 18 42 -0.27 0.02 0.98
2025 3 13 21 18 42 -0.27 0.12 1.12
2025 3 13 21 18 42 -0.11 -0.08 0.92
2025 3 13 21 18 42 -0.67 0.01 0.82
2025 3 13 21 18 42 -0.79 -0.08 0.71
2025 3 13 21 18 42 -0.85 0.01 0.50
2025 3 13 21 18 42 -0.76 0.01 0.57
2025 3 13 21 18 42 -0.76 -0.40 0.89
2025 3 13 21 18 43 -0.81 0.28 0.41
2025 3 13 21 18 43 0.24 0.97 0.55
2025 3 13 21 18 43 -0.10 0.99 0.23
2025 3 13 21 18 43 -0.58 0.31 0.61
2025 3 13 21 18 43 -0.85 0.69 0.52
2025 3 13 21 18 43 -0.72 0.51 0.48
2025 3 13 21 18 43 -0.16 0.60 0.83
2025 3 13 21 18 43 -0.18 0.43 0.91
2025 3 13 21 18 43 -0.23 0.76 0.76
2025 3 13 21 18 44 -0.28 0.75 0.56
2025 3 13 21 18 44 -0.48 0.81 0.06
2025 3 13 21 18 44 -0.83 0.42 0.44
2025 3 13 21 18 44 -0.90 0.07 0.34
2025 3 13 21 18 44 -0.70 0.55 0.60
2025 3 13 21 18 44 -0.77 0.38 0.48
2025 3 13 21 18 44 -0.72 0.51 0.45
2025 3 13 21 18 44 -0.88 0.39 0.60
2025 3 13 21 18 45 -0.80 0.45 0.11
2025 3 13 21 18 45 -0.66 0.59 0.69
2025 3 13 21 18 45 -0.76 0.40 0.24
2025 3 13 21 18 45 -0.87 0.07 0.75
2025 3 13 21 18 45 -0.76 0.10 0.58
2025 3 13 21 18 45 -0.74 0.31 0.69
2025 3 13 21 18 45 -0.77 0.18 0.66
2025 3 13 21 18 45 -0.73 0.28 0.65
2025 3 13 21 18 46 -0.73 0.40 0.69
2025 3 13 21 18 46 -0.69 0.44 0.60
2025 3 13 21 18 46 -0.68 0.41 0.71
2025 3 13 21 18 46 -0.58 0.53 0.60
2025 3 13 21 18 46 -0.72 0.34 0.78
2025 3 13 21 18 46 -0.66 0.35 0.69
2025 3 13 21 18 46 -0.74 0.52 0.60
2025 3 13 21 18 46 -0.66 0.43 0.48
2025 3 13 21 18 47 -0.73 0.48 0.52
2025 3 13 21 18 47 -0.65 0.43 0.51
2025 3 13 21 18 47 -0.75 0.48 0.46
2025 3 13 21 18 47 -0.76 0.41 0.55
2025 3 13 21 18 47 -0.74 0.38 0.56
2025 3 13 21 18 47 -0.74 0.42 0.66
2025 3 13 21 18 47 -0.71 0.39 0.64
2025 3 13 21 18 47 -0.85 0.40 0.60
2025 3 13 21 18 47 -0.90 0.13 0.47
2025 3 13 21 18 48 -0.61 0.53 0.53
2025 3 13 21 18 48 -0.60 0.58 0.73
2025 3 13 21 18 48 -0.29 0.52 0.73
2025 3 13 21 18 48 -0.60 0.48 0.68
2025 3 13 21 18 48 -0.46 0.45 0.65
2025 3 13 21 18 48 -0.46 0.52 0.74
2025 3 13 21 18 48 -0.50 0.52 0.76
2025 3 13 21 18 48 -0.67 0.42 0.70
2025 3 13 21 18 49 -0.68 0.54 0.71
2025 3 13 21 18 49 -0.25 0.57 0.65
2025 3 13 21 18 49 -0.32 0.77 0.59
2025 3 13 21 18 49 -0.51 0.75 0.53
2025 3 13 21 18 49 -0.44 0.62 0.49
2025 3 13 21 18 49 -0.19 0.74 0.47
2025 3 13 21 18 49 -0.17 0.88 0.42
2025 3 13 21 18 49 -0.25 0.89 0.51
2025 3 13 21 18 50 -0.27 1.02 0.38
2025 3 13 21 18 50 -0.49 0.88 0.26
2025 3 13 21 18 50 -0.60 0.66 0.16
2025 3 13 21 18 50 -0.40 1.00 0.12
2025 3 13 21 18 50 -0.38 0.94 0.23
2025 3 13 21 18 50 -0.17 0.95 0.29
2025 3 13 21 18 50 -0.56 0.74 0.39
2025 3 13 21 18 50 -0.58 0.78 0.41
2025 3 13 21 18 50 -0.50 0.76 0.43
2025 3 13 21 18 51 -0.57 0.80 0.41
2025 3 13 21 18 51 -0.68 0.63 0.45
2025 3 13 21 18 51 -0.42 0.70 0.47
2025 3 13 21 18 51 -0.36 0.67 0.29
2025 3 13 21 18 51 -0.22 0.92 0.07
2025 3 13 21 18 51 -0.30 0.93 0.14
2025 3 13 21 18 51 -0.25 0.94 0.21
2025 3 13 21 18 51 -0.26 0.92 0.21
2025 3 13 21 18 52 -0.18 0.96 0.23
2025 3 13 21 18 52 -0.32 0.87 0.21
2025 3 13 21 18 52 -0.39 0.90 0.36
2025 3 13 21 18 52 -0.20 0.90 0.41
2025 3 13 21 18 52 -0.32 0.84 0.39
2025 3 13 21 18 52 -0.36 0.86 0.46
2025 3 13 21 18 52 -0.42 0.71 0.44
2025 3 13 21 18 52 -0.62 0.69 0.59
2025 3 13 21 18 53 -0.66 0.56 0.59
2025 3 13 21 18 53 -1.05 0.56 0.88
2025 3 13 21 18 53 -0.77 0.26 0.44
2025 3 13 21 18 53 -0.76 0.34 0.68
2025 3 13 21 18 53 -0.68 0.44 0.61
2025 3 13 21 18 53 -0.62 0.55 0.61
2025 3 13 21 18 53 -0.51 0.47 0.67
2025 3 13 21 18 53 -0.59 0.32 0.54
2025 3 13 21 18 54 -0.70 0.18 1.00
2025 3 13 21 18 54 -0.73 0.25 0.59
2025 3 13 21 18 54 -0.76 0.01 0.83
2025 3 13 21 18 54 -0.81 -0.10 0.60
2025 3 13 21 18 54 -0.72 0.25 0.65
2025 3 13 21 18 54 -0.63 0.25 0.70
2025 3 13 21 18 54 -0.68 0.19 0.77
2025 3 13 21 18 54 -0.65 0.24 0.77
2025 3 13 21 18 54 -0.66 0.25 0.79
2025 3 13 21 18 55 -0.63 0.28 0.69
2025 3 13 21 18 55 -0.94 0.28 1.12
2025 3 13 21 18 55 -0.31 0.59 1.26
2025 3 13 21 18 55 -0.83 0.16 0.54
2025 3 13 21 18 55 -0.73 0.40 0.52
2025 3 13 21 18 55 -0.82 0.20 0.34
2025 3 13 21 18 55 -0.80 0.39 0.51
2025 3 13 21 18 55 -0.84 0.39 0.57
2025 3 13 21 18 56 -0.70 0.45 0.66
2025 3 13 21 18 56 -0.71 0.39 0.59
2025 3 13 21 18 56 -0.72 0.33 0.49
2025 3 13 21 18 56 -0.62 0.51 0.80
2025 3 13 21 18 56 -0.68 0.41 0.60
2025 3 13 21 18 56 -0.59 0.51 0.65
2025 3 13 21 18 56 -0.69 0.43 0.33
2025 3 13 21 18 56 -0.74 0.40 0.45
2025 3 13 21 18 57 -0.99 0.01 0.18
2025 3 13 21 18 57 -0.85 0.02 0.47
2025 3 13 21 18 57 -0.56 0.11 0.66
2025 3 13 21 18 57 -0.70 0.01 0.73
2025 3 13 21 18 57 -0.62 0.04 0.82
2025 3 13 21 18 57 -0.50 -0.28 0.77
2025 3 13 21 18 57 -0.62 -0.15 0.87
2025 3 13 21 18 57 -0.53 -0.09 0.86
2025 3 13 21 18 57 -0.43 -0.11 0.69
2025 3 13 21 18 58 -0.31 0.16 0.61
2025 3 13 21 18 58 -0.77 0.01 0.30
2025 3 13 21 18 58 -0.96 -0.12 0.46
2025 3 13 21 18 58 -0.91 -0.03 0.41
2025 3 13 21 18 58 -0.85 -0.06 0.32
2025 3 13 21 18 58 -0.71 -0.14 0.76
2025 3 13 21 18 58 -0.80 -0.14 0.56
2025 3 13 21 18 58 -0.72 -0.18 0.69
2025 3 13 21 18 59 -0.73 -0.18 0.50
2025 3 13 21 18 59 -0.45 -0.38 0.59
2025 3 13 21 18 59 -0.45 -0.05 0.92
2025 3 13 21 18 59 -0.62 -0.10 0.87
2025 3 13 21 18 59 -0.62 0.01 0.80
2025 3 13 21 18 59 -0.58 -0.14 0.87
2025 3 13 21 18 59 -0.49 -0.15 0.92
2025 3 13 21 18 59 -0.46 -0.32 0.86
2025 3 13 21 19 0 -0.54 -0.29 0.78
2025 3 13 21 19 0 -0.53 -0.11 1.15
2025 3 13 21 19 0 -0.55 -0.30 0.69
2025 3 13 21 19 0 -0.62 -0.32 0.74
2025 3 13 21 19 0 -0.47 -0.12 0.70
2025 3 13 21 19 0 -0.39 -0.26 1.01
2025 3 13 21 19 0 -0.50 -0.14 0.92
2025 3 13 21 19 0 -0.21 -0.07 0.88
2025 3 13 21 19 1 -0.33 -0.14 0.83
2025 3 13 21 19 1 -0.24 -0.08 1.00
2025 3 13 21 19 1 -0.10 -0.10 1.00
2025 3 13 21 19 1 -0.16 -0.02 0.95
2025 3 13 21 19 1 -0.09 0.07 1.02
2025 3 13 21 19 1 0.04 0.23 1.13
2025 3 13 21 19 1 -0.13 0.25 1.03
2025 3 13 21 19 1 -0.08 0.25 0.86
2025 3 13 21 19 1 -0.06 0.32 0.97
2025 3 13 21 19 2 -0.17 0.29 0.84
2025 3 13 21 19 2 0.02 0.31 1.04
2025 3 13 21 19 2 -0.18 0.36 0.94
2025 3 13 21 19 2 -0.05 0.35 1.03
2025 3 13 21 19 2 -0.00 0.35 0.97
2025 3 13 21 19 2 -0.04 0.31 0.89
2025 3 13 21 19 2 -0.00 0.40 0.86
2025 3 13 21 19 2 -0.17 0.71 0.75
2025 3 13 21 19 3 0.14 0.50 1.08
2025 3 13 21 19 3 0.09 0.40 0.66
2025 3 13 21 19 3 0.20 0.51 0.91
2025 3 13 21 19 3 0.16 0.51 0.83
2025 3 13 21 19 3 0.13 0.26 0.85
2025 3 13 21 19 3 0.15 0.16 0.43
2025 3 13 21 19 3 0.22 0.38 0.92
2025 3 13 21 19 3 0.26 0.39 0.91
2025 3 13 21 19 4 0.44 0.31 0.88
2025 3 13 21 19 4 0.17 0.36 0.96
2025 3 13 21 19 4 0.58 0.24 0.80
2025 3 13 21 19 4 0.49 0.20 0.90
2025 3 13 21 19 4 0.38 0.15 0.84
2025 3 13 21 19 4 -0.07 0.01 1.00
2025 3 13 21 19 4 0.05 -0.29 0.92
2025 3 13 21 19 4 -0.05 -0.40 0.93
2025 3 13 21 19 4 0.30 -0.36 1.28
2025 3 13 21 19 5 0.17 -0.16 1.00
2025 3 13 21 19 5 0.54 -0.23 1.21
2025 3 13 21 19 5 0.24 -0.16 0.98
2025 3 13 21 19 5 0.28 -0.10 0.72
2025 3 13 21 19 5 0.20 -0.10 1.04
2025 3 13 21 19 5 0.21 -0.05 0.91
2025 3 13 21 19 5 0.03 -0.02 1.01
2025 3 13 21 19 5 0.04 -0.06 1.03
2025 3 13 21 19 6 0.02 -0.00 1.03
2025 3 13 21 19 6 -0.00 -0.02 1.01
2025 3 13 21 19 6 -0.08 0.03 0.86
2025 3 13 21 19 6 0.09 -0.02 1.02
2025 3 13 21 19 6 0.14 -0.05 1.01
2025 3 13 21 19 6 0.13 -0.00 1.02
2025 3 13 21 19 6 0.09 -0.04 1.01
2025 3 13 21 19 6 0.13 -0.06 1.01
2025 3 13 21 19 7 0.12 -0.03 1.02
2025 3 13 21 19 7 0.10 -0.05 1.02
2025 3 13 21 19 7 0.13 -0.05 1.01
2025 3 13 21 19 7 0.11 -0.05 1.02
2025 3 13 21 19 7 0.12 -0.05 1.01
2025 3 13 21 19 7 0.12 -0.05 1.01
2025 3 13 21 19 7 0.12 -0.05 1.01
2025 3 13 21 19 7 0.11 -0.06 1.02
2025 3 13 21 19 7 0.12 -0.08 1.01
2025 3 13 21 19 8 0.12 -0.05 1.01
2025 3 13 21 19 8 0.12 -0.06 1.04
2025 3 13 21 19 8 0.11 -0.06 1.01
2025 3 13 21 19 8 0.12 -0.07 1.02
2025 3 13 21 19 8 0.12 -0.07 1.01
2025 3 13 21 19 8 0.13 -0.06 1.01
2025 3 13 21 19 8 0.11 -0.06 1.01
2025 3 13 21 19 8 0.12 -0.06 1.01
2025 3 13 21 19 9 0.12 -0.07 1.01
2025 3 13 21 19 9 0.12 -0.06 1.01
2025 3 13 21 19 9 0.11 -0.08 1.01
2025 3 13 21 19 9 0.09 -0.05 1.01
2025 3 13 21 19 9 0.11 -0.06 1.01
2025 3 13 21 19 9 0.11 -0.07 1.01
2025 3 13 21 19 9 0.12 -0.06 1.02
2025 3 13 21 19 9 0.10 -0.07 1.01
2025 3 13 21 19 10 0.11 -0.07 1.01
2025 3 13 21 19 10 0.11 -0.06 1.01
2025 3 13 21 19 10 0.13 -0.09 1.02
2025 3 13 21 19 10 0.12 -0.07 1.02
2025 3 13 21 19 10 0.16 -0.12 1.00
2025 3 13 21 19 10 0.13 -0.04 1.01
2025 3 13 21 19 10 0.10 -0.07 1.01
2025 3 13 21 19 10 0.12 -0.08 1.01
2025 3 13 21 19 11 0.19 -0.10 0.99
2025 3 13 21 19 11 0.13 -0.05 1.02
2025 3 13 21 19 11 0.12 -0.07 1.01
2025 3 13 21 19 11 0.10 -0.08 1.02
2025 3 13 21 19 11 0.12 -0.05 1.02
2025 3 13 21 19 11 0.11 -0.07 1.02
2025 3 13 21 19 11 0.05 -0.06 1.01
2025 3 13 21 19 11 0.13 -0.05 1.01
2025 3 13 21 19 11 0.13 -0.06 1.01
2025 3 13 21 19 12 0.12 -0.07 1.01
2025 3 13 21 19 12 0.15 -0.07 1.17
2025 3 13 21 19 12 0.13 -0.07 1.01
2025 3 13 21 19 12 0.11 -0.06 1.01
2025 3 13 21 19 12 0.13 -0.06 1.01
2025 3 13 21 19 12 0.15 -0.06 1.01
2025 3 13 21 19 12 0.13 -0.06 1.01
2025 3 13 21 19 12 0.13 -0.06 1.01
2025 3 13 21 19 13 0.14 -0.07 1.01
2025 3 13 21 19 13 0.14 -0.06 1.01
2025 3 13 21 19 13 0.13 -0.06 1.01
2025 3 13 21 19 13 0.13 -0.06 1.02
2025 3 13 21 19 13 0.11 -0.06 1.02
2025 3 13 21 19 13 0.07 -0.03 1.03
2025 3 13 21 19 13 0.18 -0.07 1.01
2025 3 13 21 19 13 0.15 -0.07 1.02
2025 3 13 21 19 14 -0.01 0.01 1.07
2025 3 13 21 19 14 0.12 -0.08 1.01
2025 3 13 21 19 14 0.16 -0.02 1.01
2025 3 13 21 19 14 0.13 -0.06 1.01
2025 3 13 21 19 14 0.13 -0.06 1.01
2025 3 13 21 19 14 0.18 -0.06 1.00
2025 3 13 21 19 14 0.14 -0.06 1.02
2025 3 13 21 19 14 0.14 -0.08 1.01
2025 3 13 21 19 14 0.13 -0.05 1.02
2025 3 13 21 19 15 0.12 -0.08 1.02
2025 3 13 21 19 15 0.04 -0.03 1.02
2025 3 13 21 19 15 0.13 -0.04 1.03
2025 3 13 21 19 15 0.13 -0.05 1.00
2025 3 13 21 19 15 0.16 -0.09 1.00
2025 3 13 21 19 15 0.11 -0.06 1.01
2025 3 13 21 19 15 0.14 -0.04 1.01
2025 3 13 21 19 15 0.11 -0.08 1.02
2025 3 13 21 19 16 0.13 -0.05 1.01
2025 3 13 21 19 16 0.10 -0.12 1.00
2025 3 13 21 19 16 0.10 -0.10 0.98
2025 3 13 21 19 16 0.14 -0.05 1.01
2025 3 13 21 19 16 0.12 -0.10 0.99
2025 3 13 21 19 16 0.18 -0.06 0.99
2025 3 13 21 19 16 0.10 -0.13 0.99
2025 3 13 21 19 16 0.09 -0.01 1.03
2025 3 13 21 19 17 0.12 -0.10 0.99
2025 3 13 21 19 17 0.11 -0.08 1.02
2025 3 13 21 19 17 0.10 -0.09 1.01
2025 3 13 21 19 17 0.09 -0.06 1.00
2025 3 13 21 19 17 0.14 -0.10 1.01
2025 3 13 21 19 17 0.08 -0.10 1.02
2025 3 13 21 19 17 0.10 -0.06 1.02
2025 3 13 21 19 17 0.11 -0.07 1.02
2025 3 13 21 19 18 0.14 -0.07 1.00
2025 3 13 21 19 18 0.10 -0.09 1.02
2025 3 13 21 19 18 0.11 -0.07 1.02
2025 3 13 21 19 18 0.11 -0.08 1.02
2025 3 13 21 19 18 0.11 -0.08 1.02
2025 3 13 21 19 18 0.13 -0.06 1.01
2025 3 13 21 19 18 0.11 -0.08 1.02
2025 3 13 21 19 18 0.11 -0.08 1.02
2025 3 13 21 19 18 0.11 -0.08 1.02
2025 3 13 21 19 19 0.14 -0.00 1.02
2025 3 13 21 19 19 0.11 -0.08 1.03
2025 3 13 21 19 19 0.06 -0.05 1.02
2025 3 13 21 19 19 0.13 -0.11 1.02
2025 3 13 21 19 19 0.06 -0.08 1.02
2025 3 13 21 19 19 0.04 -0.08 1.03
2025 3 13 21 19 19 0.10 -0.12 1.05
2025 3 13 21 19 19 0.01 -0.15 0.95
2025 3 13 21 19 20 0.07 -0.17 1.00
2025 3 13 21 19 20 0.03 -0.17 1.01
2025 3 13 21 19 20 0.03 -0.17 1.01
2025 3 13 21 19 20 0.03 -0.15 1.02
2025 3 13 21 19 20 0.02 -0.16 1.00
2025 3 13 21 19 20 0.04 -0.15 1.01
2025 3 13 21 19 20 0.09 -0.16 1.01
2025 3 13 21 19 20 0.08 -0.12 1.01
2025 3 13 21 19 21 0.07 -0.16 1.00
2025 3 13 21 19 21 0.05 -0.19 1.00
2025 3 13 21 19 21 0.03 -0.17 1.03
2025 3 13 21 19 21 0.04 -0.18 1.01
2025 3 13 21 19 21 0.05 -0.17 1.01
2025 3 13 21 19 21 0.04 -0.18 1.00
2025 3 13 21 19 21 0.02 -0.19 1.00
2025 3 13 21 19 21 0.04 -0.17 1.01
2025 3 13 21 19 21 0.13 -0.17 1.03
2025 3 13 21 19 22 0.09 -0.19 1.00
2025 3 13 21 19 22 0.09 -0.19 1.00
2025 3 13 21 19 22 0.07 -0.18 1.00
2025 3 13 21 19 22 0.07 -0.17 1.01
2025 3 13 21 19 22 0.08 -0.14 1.01
2025 3 13 21 19 22 0.09 -0.18 1.01
2025 3 13 21 19 22 0.09 -0.16 1.01
2025 3 13 21 19 22 0.04 -0.23 0.95
2025 3 13 21 19 23 0.06 -0.13 1.02
2025 3 13 21 19 23 0.07 -0.20 0.99
2025 3 13 21 19 23 0.14 -0.15 1.00
2025 3 13 21 19 23 0.07 -0.16 1.00
2025 3 13 21 19 23 0.28 -0.09 1.01
2025 3 13 21 19 23 0.10 -0.18 0.99
2025 3 13 21 19 23 0.10 -0.13 0.98
2025 3 13 21 19 23 0.10 -0.12 1.01
2025 3 13 21 19 24 0.07 -0.12 1.01
2025 3 13 21 19 24 0.09 -0.12 1.01
2025 3 13 21 19 24 0.11 -0.19 1.00
2025 3 13 21 19 24 0.05 -0.12 1.01
2025 3 13 21 19 24 0.05 -0.15 1.02
2025 3 13 21 19 24 0.06 -0.06 1.02
2025 3 13 21 19 24 0.05 -0.10 1.12
2025 3 13 21 19 24 0.04 -0.15 1.00
2025 3 13 21 19 25 0.02 -0.14 1.02
2025 3 13 21 19 25 0.05 -0.18 1.00
2025 3 13 21 19 25 0.02 -0.14 1.01
2025 3 13 21 19 25 0.08 -0.16 1.01
2025 3 13 21 19 25 0.09 -0.14 1.01
2025 3 13 21 19 25 0.09 -0.15 1.01
2025 3 13 21 19 25 0.04 -0.16 1.01
2025 3 13 21 19 25 0.03 -0.09 1.07
2025 3 13 21 19 26 0.05 -0.18 1.01
2025 3 13 21 19 26 0.07 -0.16 1.01
2025 3 13 21 19 26 0.06 -0.16 1.00
2025 3 13 21 19 26 0.06 -0.16 1.01
2025 3 13 21 19 26 0.08 -0.17 1.01
2025 3 13 21 19 26 0.06 -0.16 1.01
2025 3 13 21 19 26 0.01 -0.11 1.02
2025 3 13 21 19 26 0.09 -0.20 1.00
2025 3 13 21 19 27 0.07 -0.15 1.01
2025 3 13 21 19 27 0.38 -0.07 1.00
2025 3 13 21 19 27 0.09 -0.15 1.01
2025 3 13 21 19 27 0.11 -0.21 0.99
2025 3 13 21 19 27 0.16 -0.25 0.97
2025 3 13 21 19 27 0.08 -0.13 1.02
2025 3 13 21 19 27 0.17 -0.20 0.98
2025 3 13 21 19 27 0.02 -0.10 1.02
2025 3 13 21 19 28 0.05 -0.16 1.01
2025 3 13 21 19 28 0.02 -0.20 0.99
2025 3 13 21 19 28 0.07 -0.19 1.00
2025 3 13 21 19 28 0.05 -0.17 1.01
2025 3 13 21 19 28 -0.00 -0.07 1.02
2025 3 13 21 19 28 0.07 -0.24 0.99
2025 3 13 21 19 28 0.03 -0.16 1.00
2025 3 13 21 19 28 0.06 -0.20 0.99
2025 3 13 21 19 28 0.05 -0.15 1.01
2025 3 13 21 19 29 0.07 -0.16 1.03
2025 3 13 21 19 29 0.07 -0.24 1.22
2025 3 13 21 19 29 0.05 -0.15 1.01
2025 3 13 21 19 29 0.05 -0.06 1.04
2025 3 13 21 19 29 0.04 -0.14 1.01
2025 3 13 21 19 29 0.05 -0.13 1.01
2025 3 13 21 19 29 0.05 -0.14 1.01
2025 3 13 21 19 29 0.06 -0.14 1.04
2025 3 13 21 19 30 0.05 -0.14 1.01
2025 3 13 21 19 30 0.05 -0.14 1.01
2025 3 13 21 19 30 0.06 -0.13 1.01
2025 3 13 21 19 30 0.04 -0.14 1.01
2025 3 13 21 19 30 0.09 -0.09 1.02
2025 3 13 21 19 30 0.05 -0.17 1.01
2025 3 13 21 19 30 0.06 -0.13 1.01
2025 3 13 21 19 30 0.05 -0.13 0.99
2025 3 13 21 19 31 0.07 -0.13 1.01
2025 3 13 21 19 31 0.07 -0.23 1.00
2025 3 13 21 19 31 0.06 -0.14 1.01
2025 3 13 21 19 31 0.04 -0.13 1.01
2025 3 13 21 19 31 0.15 -0.13 1.01
2025 3 13 21 19 31 0.07 -0.08 1.02
2025 3 13 21 19 31 0.01 -0.20 1.00
2025 3 13 21 19 31 0.02 -0.11 1.01
2025 3 13 21 19 32 0.06 -0.12 1.01
2025 3 13 21 19 32 -0.01 -0.09 1.01
2025 3 13 21 19 32 0.08 -0.11 1.01
2025 3 13 21 19 32 0.06 -0.13 1.00
2025 3 13 21 19 32 0.06 -0.13 1.01
2025 3 13 21 19 32 0.06 -0.14 1.00
2025 3 13 21 19 32 0.06 -0.14 1.01
2025 3 13 21 19 32 0.06 -0.14 1.01
2025 3 13 21 19 33 0.07 -0.18 1.01
2025 3 13 21 19 33 0.06 -0.14 1.01
2025 3 13 21 19 33 0.06 -0.14 1.01
2025 3 13 21 19 33 0.05 -0.11 1.04
2025 3 13 21 19 33 0.09 -0.15 1.01
2025 3 13 21 19 33 0.06 -0.15 1.01
2025 3 13 21 19 33 0.06 -0.15 1.01
2025 3 13 21 19 33 0.07 -0.13 1.01
2025 3 13 21 19 34 0.09 -0.22 1.02
2025 3 13 21 19 34 -0.00 -0.12 1.01
2025 3 13 21 19 34 0.05 -0.16 1.01
2025 3 13 21 19 34 0.05 -0.09 1.04
2025 3 13 21 19 34 0.10 -0.19 0.99
2025 3 13 21 19 34 0.07 -0.18 0.98
2025 3 13 21 19 34 0.08 -0.14 1.00
2025 3 13 21 19 34 0.00 -0.20 1.00
2025 3 13 21 19 35 0.09 -0.13 1.01
2025 3 13 21 19 35 0.06 -0.03 1.03
2025 3 13 21 19 35 0.05 -0.14 1.01
2025 3 13 21 19 35 0.06 -0.09 1.02
2025 3 13 21 19 35 0.07 -0.12 1.01
2025 3 13 21 19 35 0.07 -0.13 1.01
2025 3 13 21 19 35 0.06 -0.12 1.01
2025 3 13 21 19 35 0.06 -0.14 1.01
2025 3 13 21 19 35 0.06 -0.14 1.01
2025 3 13 21 19 36 0.08 -0.11 1.01
2025 3 13 21 19 36 0.06 -0.14 1.01
2025 3 13 21 19 36 0.06 -0.14 1.00
2025 3 13 21 19 36 0.12 -0.20 1.00
2025 3 13 21 19 36 0.09 -0.16 1.00
2025 3 13 21 19 36 0.08 -0.17 1.01
2025 3 13 21 19 36 0.05 -0.13 1.01
2025 3 13 21 19 36 0.04 -0.11 1.01
2025 3 13 21 19 37 0.01 -0.15 1.01
2025 3 13 21 19 37 0.05 -0.13 1.01
2025 3 13 21 19 37 0.06 -0.14 1.01
2025 3 13 21 19 37 0.04 -0.14 1.01
2025 3 13 21 19 37 0.10 -0.07 1.02
2025 3 13 21 19 37 0.07 -0.10 1.02
2025 3 13 21 19 37 0.01 -0.11 1.02
2025 3 13 21 19 37 0.07 -0.15 1.01
2025 3 13 21 19 38 0.08 -0.17 1.00
2025 3 13 21 19 38 0.04 -0.11 1.02
2025 3 13 21 19 38 0.05 -0.16 1.00
2025 3 13 21 19 38 0.10 -0.15 0.97
2025 3 13 21 19 38 0.03 0.08 0.94
2025 3 13 21 19 38 0.08 -0.09 1.01
2025 3 13 21 19 38 0.07 -0.01 0.94
2025 3 13 21 19 38 0.12 -0.07 1.09
2025 3 13 21 19 39 0.10 -0.07 1.01
2025 3 13 21 19 39 0.10 -0.06 1.01
2025 3 13 21 19 39 0.11 -0.10 1.02
2025 3 13 21 19 39 0.09 -0.07 0.97
2025 3 13 21 19 39 0.09 -0.05 0.99
2025 3 13 21 19 39 0.10 -0.06 1.01
2025 3 13 21 19 39 0.07 -0.08 1.02
2025 3 13 21 19 39 0.12 -0.11 1.01
2025 3 13 21 19 40 0.18 0.05 1.00
2025 3 13 21 19 40 0.10 -0.07 1.02
2025 3 13 21 19 40 0.10 -0.07 1.02
2025 3 13 21 19 40 0.10 -0.07 1.01
2025 3 13 21 19 40 0.13 -0.05 1.01
2025 3 13 21 19 40 0.07 -0.11 1.01
2025 3 13 21 19 40 0.10 -0.02 1.02
2025 3 13 21 19 40 0.11 0.01 1.03
2025 3 13 21 19 41 0.12 0.02 1.02
2025 3 13 21 19 41 0.10 -0.07 1.01
2025 3 13 21 19 41 0.11 -0.04 1.01
2025 3 13 21 19 41 0.10 -0.10 1.01
2025 3 13 21 19 41 0.13 -0.04 1.01
2025 3 13 21 19 41 0.14 -0.00 1.01
2025 3 13 21 19 41 0.14 -0.01 1.01
2025 3 13 21 19 41 0.12 -0.05 1.01
2025 3 13 21 19 42 0.09 -0.01 1.01
2025 3 13 21 19 42 0.10 0.00 1.03
2025 3 13 21 19 42 0.11 -0.04 1.01
2025 3 13 21 19 42 0.11 -0.05 1.01
2025 3 13 21 19 42 0.17 -0.11 1.01
2025 3 13 21 19 42 0.11 0.01 1.01
2025 3 13 21 19 42 0.11 -0.03 1.01
2025 3 13 21 19 42 0.12 -0.02 1.01
2025 3 13 21 19 42 0.13 -0.06 1.02
2025 3 13 21 19 43 0.10 -0.02 1.01
2025 3 13 21 19 43 0.11 -0.05 1.01
2025 3 13 21 19 43 0.12 -0.02 1.02
2025 3 13 21 19 43 0.11 -0.04 1.02
2025 3 13 21 19 43 0.11 -0.05 0.99
2025 3 13 21 19 43 0.11 -0.04 1.01
2025 3 13 21 19 43 0.11 -0.03 1.02
2025 3 13 21 19 43 0.11 -0.00 1.01
2025 3 13 21 19 44 0.10 -0.04 1.01
2025 3 13 21 19 44 0.11 -0.04 1.01
2025 3 13 21 19 44 0.10 -0.06 1.02
2025 3 13 21 19 44 0.10 -0.04 1.01
2025 3 13 21 19 44 0.11 -0.04 1.01
2025 3 13 21 19 44 0.14 -0.02 1.00
2025 3 13 21 19 44 0.11 -0.06 1.01
2025 3 13 21 19 44 0.10 -0.05 1.02
2025 3 13 21 19 45 0.10 -0.03 1.02
2025 3 13 21 19 45 0.11 -0.03 1.01
2025 3 13 21 19 45 0.05 -0.03 1.03
2025 3 13 21 19 45 0.12 -0.05 1.02
2025 3 13 21 19 45 0.18 -0.24 1.00
2025 3 13 21 19 45 0.13 -0.05 0.99
2025 3 13 21 19 45 0.12 -0.04 1.01
2025 3 13 21 19 45 0.10 -0.03 1.02
2025 3 13 21 19 46 0.04 -0.20 1.05
2025 3 13 21 19 46 0.11 -0.05 1.01
2025 3 13 21 19 46 0.08 -0.01 1.01
2025 3 13 21 19 46 0.10 -0.12 1.02
2025 3 13 21 19 46 0.11 -0.06 1.04
2025 3 13 21 19 46 0.10 -0.05 1.02
2025 3 13 21 19 46 0.11 -0.03 1.01
2025 3 13 21 19 46 0.10 -0.04 1.01
2025 3 13 21 19 47 0.14 -0.03 0.73
2025 3 13 21 19 47 0.07 -0.08 1.02
2025 3 13 21 19 47 0.09 0.03 1.02
2025 3 13 21 19 47 0.13 -0.00 1.03
2025 3 13 21 19 47 0.14 -0.02 0.98
2025 3 13 21 19 47 0.11 -0.00 1.01
2025 3 13 21 19 47 0.12 -0.01 1.01
2025 3 13 21 19 47 0.09 -0.05 1.01
2025 3 13 21 19 48 0.09 -0.00 1.02
2025 3 13 21 19 48 0.10 0.00 1.03
2025 3 13 21 19 48 0.11 -0.01 1.02
2025 3 13 21 19 48 0.11 -0.01 1.01
2025 3 13 21 19 48 0.13 0.06 1.02
2025 3 13 21 19 48 0.09 -0.03 1.01
2025 3 13 21 19 48 0.12 -0.02 1.01
2025 3 13 21 19 48 0.21 -0.02 0.91
2025 3 13 21 19 49 0.11 -0.01 1.02
2025 3 13 21 19 49 0.11 -0.01 1.02
2025 3 13 21 19 49 0.11 -0.01 1.01
2025 3 13 21 19 49 0.10 -0.01 1.02
2025 3 13 21 19 49 0.11 -0.00 1.01
2025 3 13 21 19 49 0.11 -0.00 1.01
2025 3 13 21 19 49 0.11 -0.02 1.01
2025 3 13 21 19 49 0.11 -0.00 1.01
2025 3 13 21 19 49 0.11 -0.00 1.01
2025 3 13 21 19 50 0.11 0.00 1.01
2025 3 13 21 19 50 0.11 -0.00 1.01
2025 3 13 21 19 50 0.11 -0.00 1.01
2025 3 13 21 19 50 0.11 -0.00 1.01
2025 3 13 21 19 50 0.11 0.00 1.02
2025 3 13 21 19 50 0.11 0.00 1.02
2025 3 13 21 19 50 0.11 -0.00 1.01
2025 3 13 21 19 50 0.11 -0.00 1.01
2025 3 13 21 19 51 0.11 0.00 1.02
2025 3 13 21 19 51 0.11 0.00 1.01
2025 3 13 21 19 51 0.11 -0.00 1.01
2025 3 13 21 19 51 0.11 -0.00 1.01
2025 3 13 21 19 51 0.11 0.00 1.01
2025 3 13 21 19 51 0.11 -0.00 1.01
2025 3 13 21 19 51 0.10 0.01 1.01
2025 3 13 21 19 51 0.10 0.01 1.01
2025 3 13 21 19 52 0.11 -0.00 1.01
2025 3 13 21 19 52 0.10 -0.02 1.01
2025 3 13 21 19 52 0.11 -0.00 1.01
2025 3 13 21 19 52 0.11 0.00 1.01
2025 3 13 21 19 52 0.11 -0.00 1.01
2025 3 13 21 19 52 0.10 -0.01 1.02
2025 3 13 21 19 52 0.11 0.00 1.01
2025 3 13 21 19 52 0.11 0.00 1.02
2025 3 13 21 19 53 0.11 0.00 1.02
2025 3 13 21 19 53 0.07 0.00 1.01
2025 3 13 21 19 53 0.11 -0.00 1.01
2025 3 13 21 19 53 0.11 -0.00 1.01
2025 3 13 21 19 53 0.10 0.02 1.01
2025 3 13 21 19 53 0.11 0.00 1.02
2025 3 13 21 19 53 0.11 -0.00 1.01
2025 3 13 21 19 53 0.10 0.00 1.02
2025 3 13 21 19 54 0.11 0.00 1.01
2025 3 13 21 19 54 0.11 -0.00 1.02
2025 3 13 21 19 54 0.11 -0.00 1.01
2025 3 13 21 19 54 0.11 0.00 1.01
2025 3 13 21 19 54 0.12 -0.00 1.01
2025 3 13 21 19 54 0.11 -0.00 1.02
2025 3 13 21 19 54 0.11 -0.00 1.01
2025 3 13 21 19 54 0.11 0.00 1.01
2025 3 13 21 19 55 0.11 0.01 1.02
2025 3 13 21 19 55 0.11 -0.00 1.02
2025 3 13 21 19 55 0.11 -0.00 1.02
2025 3 13 21 19 55 0.11 0.00 1.01
2025 3 13 21 19 55 0.11 -0.00 1.02
2025 3 13 21 19 55 0.11 -0.00 1.01
2025 3 13 21 19 55 0.11 0.00 1.01
2025 3 13 21 19 55 0.11 -0.00 1.01
2025 3 13 21 19 56 0.09 0.01 1.01
2025 3 13 21 19 56 0.11 -0.01 1.01
2025 3 13 21 19 56 0.11 -0.00 1.01
2025 3 13 21 19 56 0.11 -0.00 1.01
2025 3 13 21 19 56 0.08 0.03 1.02
2025 3 13 21 19 56 0.11 -0.01 1.01
2025 3 13 21 19 56 0.10 0.02 1.01
2025 3 13 21 19 56 0.11 -0.00 1.01
2025 3 13 21 19 56 0.11 -0.00 1.01
2025 3 13 21 19 57 0.12 -0.01 1.01
2025 3 13 21 19 57 0.11 -0.01 1.01
2025 3 13 21 19 57 0.10 0.00 1.02
2025 3 13 21 19 57 0.11 0.00 1.01
2025 3 13 21 19 57 0.09 0.02 1.02
2025 3 13 21 19 57 0.11 0.00 1.01
2025 3 13 21 19 57 0.12 -0.02 1.01
2025 3 13 21 19 57 0.09 0.02 1.02
2025 3 13 21 19 58 0.10 -0.00 1.02
2025 3 13 21 19 58 0.11 -0.00 1.01
2025 3 13 21 19 58 0.12 -0.02 1.01
2025 3 13 21 19 58 0.10 0.00 1.02
2025 3 13 21 19 58 0.11 0.03 1.01
2025 3 13 21 19 58 0.11 -0.00 1.01
2025 3 13 21 19 58 0.16 -0.08 1.01
2025 3 13 21 19 58 0.11 0.01 1.01
2025 3 13 21 19 59 0.11 -0.00 1.01
2025 3 13 21 19 59 0.08 -0.04 1.02
2025 3 13 21 19 59 0.09 0.01 1.01
2025 3 13 21 19 59 0.08 0.02 1.01
2025 3 13 21 19 59 0.12 -0.00 1.01
2025 3 13 21 19 59 0.13 -0.03 1.01
2025 3 13 21 19 59 0.13 -0.01 1.01
2025 3 13 21 19 59 0.11 0.00 1.01
2025 3 13 21 20 0 0.07 -0.03 1.02
2025 3 13 21 20 0 0.08 -0.02 0.99
2025 3 13 21 20 0 0.14 0.02 1.01
2025 3 13 21 20 0 0.11 -0.02 1.01
2025 3 13 21 20 0 0.16 -0.04 1.01
2025 3 13 21 20 0 0.11 0.00 1.02
2025 3 13 21 20 0 0.11 -0.00 1.01
2025 3 13 21 20 0 0.10 -0.00 1.01
2025 3 13 21 20 1 0.10 0.00 1.01
2025 3 13 21 20 1 0.10 0.01 1.01
2025 3 13 21 20 1 0.10 0.00 1.01
2025 3 13 21 20 1 0.10 -0.00 1.01
2025 3 13 21 20 1 0.11 -0.00 1.01
2025 3 13 21 20 1 0.10 -0.00 1.02
2025 3 13 21 20 1 0.13 -0.01 1.01
2025 3 13 21 20 1 0.10 0.00 1.01
2025 3 13 21 20 2 0.09 0.01 1.02
2025 3 13 21 20 2 0.10 -0.01 1.03
2025 3 13 21 20 2 0.11 0.00 1.00
2025 3 13 21 20 2 0.08 0.04 1.01
2025 3 13 21 20 2 0.05 0.10 1.02
2025 3 13 21 20 2 0.12 -0.01 1.01
2025 3 13 21 20 2 0.09 0.00 1.01
2025 3 13 21 20 2 0.11 0.00 1.02
2025 3 13 21 20 3 0.10 0.00 1.01
2025 3 13 21 20 3 0.04 0.04 1.02
2025 3 13 21 20 3 0.08 0.04 1.02
2025 3 13 21 20 3 0.13 -0.01 1.00
2025 3 13 21 20 3 0.11 0.04 1.01
2025 3 13 21 20 3 0.10 -0.01 1.02
2025 3 13 21 20 3 0.14 0.01 1.01
2025 3 13 21 20 3 0.10 0.00 1.01
2025 3 13 21 20 3 0.12 -0.05 1.01
2025 3 13 21 20 4 0.10 0.04 1.01
2025 3 13 21 20 4 0.22 -0.08 1.00
2025 3 13 21 20 4 0.10 0.04 1.01
2025 3 13 21 20 4 0.11 0.00 1.01
2025 3 13 21 20 4 0.11 -0.00 1.01
2025 3 13 21 20 4 0.10 0.01 1.01
2025 3 13 21 20 4 0.09 0.00 1.01
2025 3 13 21 20 4 0.10 0.01 1.01
2025 3 13 21 20 5 0.09 -0.01 1.01
2025 3 13 21 20 5 0.12 -0.01 1.02
2025 3 13 21 20 5 0.09 0.01 1.02
2025 3 13 21 20 5 0.09 -0.01 1.02
2025 3 13 21 20 5 0.11 0.00 1.01
2025 3 13 21 20 5 0.10 0.01 1.01
2025 3 13 21 20 5 0.11 0.00 1.01
2025 3 13 21 20 5 0.11 0.01 1.02
2025 3 13 21 20 6 0.11 0.00 1.01
2025 3 13 21 20 6 0.11 0.00 1.02
2025 3 13 21 20 6 0.11 0.00 1.01
2025 3 13 21 20 6 0.10 -0.00 1.00
2025 3 13 21 20 6 0.11 0.00 1.01
2025 3 13 21 20 6 0.11 0.01 1.01
2025 3 13 21 20 6 0.11 0.00 1.02
2025 3 13 21 20 6 0.11 0.00 1.02
2025 3 13 21 20 7 0.08 0.00 1.00
2025 3 13 21 20 7 0.09 0.01 1.02
2025 3 13 21 20 7 0.08 -0.01 1.02
2025 3 13 21 20 7 -0.03 -0.04 1.03
2025 3 13 21 20 7 0.09 0.01 1.02
2025 3 13 21 20 7 0.12 -0.01 1.04
2025 3 13 21 20 7 0.11 0.02 1.01
2025 3 13 21 20 7 0.08 -0.04 1.00
2025 3 13 21 20 8 0.10 0.03 1.02
2025 3 13 21 20 8 0.07 -0.04 1.01
2025 3 13 21 20 8 0.17 0.24 1.07
2025 3 13 21 20 8 0.11 -0.02 1.03
2025 3 13 21 20 8 0.11 -0.02 1.01
2025 3 13 21 20 8 0.12 -0.03 1.01
2025 3 13 21 20 8 0.11 -0.02 1.02
2025 3 13 21 20 8 0.11 -0.01 1.02
2025 3 13 21 20 9 0.10 -0.01 1.01
2025 3 13 21 20 9 0.07 -0.06 1.03
2025 3 13 21 20 9 0.19 0.00 1.01
2025 3 13 21 20 9 0.15 -0.10 0.91
2025 3 13 21 20 9 0.13 -0.04 1.02
2025 3 13 21 20 9 0.10 0.00 1.02
2025 3 13 21 20 9 0.08 0.01 1.02
2025 3 13 21 20 9 0.11 -0.05 1.02
2025 3 13 21 20 10 0.02 -0.03 1.02
2025 3 13 21 20 10 0.08 -0.26 1.13
2025 3 13 21 20 10 0.19 -0.56 0.89
2025 3 13 21 20 10 0.23 -0.46 0.75
2025 3 13 21 20 10 0.21 -0.34 0.87
2025 3 13 21 20 10 0.18 0.22 0.97
2025 3 13 21 20 10 0.81 0.60 0.43
2025 3 13 21 20 10 0.33 0.79 0.94
2025 3 13 21 20 10 0.27 0.36 0.16
2025 3 13 21 20 11 0.60 0.42 -0.36
2025 3 13 21 20 11 0.34 0.34 1.64
2025 3 13 21 20 11 0.25 0.61 -0.22
2025 3 13 21 20 11 3.17 0.97 1.95
2025 3 13 21 20 11 0.17 0.59 0.17
2025 3 13 21 20 11 0.81 0.68 0.42
2025 3 13 21 20 11 0.78 0.56 -0.22
2025 3 13 21 20 11 0.47 0.40 -0.79
2025 3 13 21 20 12 0.35 0.30 -0.80
2025 3 13 21 20 12 0.50 0.56 -0.38
2025 3 13 21 20 12 0.72 0.44 0.42
2025 3 13 21 20 12 0.65 0.32 0.61
2025 3 13 21 20 12 0.59 0.47 0.65
2025 3 13 21 20 12 0.53 0.38 0.71
2025 3 13 21 20 12 0.46 0.42 0.81
2025 3 13 21 20 12 0.54 0.41 0.83
2025 3 13 21 20 13 0.52 0.44 0.76
2025 3 13 21 20 13 0.51 0.48 0.71
2025 3 13 21 20 13 0.62 0.46 0.64
2025 3 13 21 20 13 0.50 0.47 0.73
2025 3 13 21 20 13 0.55 0.25 0.73
2025 3 13 21 20 13 0.47 0.47 0.80
2025 3 13 21 20 13 0.46 0.47 0.83
2025 3 13 21 20 13 0.48 0.44 0.80
2025 3 13 21 20 14 0.47 0.45 0.70
2025 3 13 21 20 14 0.54 0.41 0.71
2025 3 13 21 20 14 0.54 0.53 0.71
2025 3 13 21 20 14 0.43 0.46 0.71
2025 3 13 21 20 14 0.52 0.40 0.77
2025 3 13 21 20 14 0.57 0.37 0.76
2025 3 13 21 20 14 0.54 0.42 0.81
2025 3 13 21 20 14 0.43 0.45 0.79
2025 3 13 21 20 15 0.44 0.42 0.79
2025 3 13 21 20 15 0.44 0.43 0.81
2025 3 13 21 20 15 0.42 0.46 0.83
2025 3 13 21 20 15 0.44 0.45 0.81
2025 3 13 21 20 15 0.47 0.48 0.77
2025 3 13 21 20 15 0.48 0.51 0.74
2025 3 13 21 20 15 0.50 0.55 0.73
2025 3 13 21 20 15 0.54 0.58 0.62
2025 3 13 21 20 16 0.54 0.59 0.55
2025 3 13 21 20 16 0.57 0.58 0.57
2025 3 13 21 20 16 0.58 0.56 0.61
2025 3 13 21 20 16 0.59 0.50 0.62
2025 3 13 21 20 16 0.56 0.50 0.66
2025 3 13 21 20 16 0.55 0.45 0.69
2025 3 13 21 20 16 0.53 0.41 0.76
2025 3 13 21 20 16 0.53 0.37 0.80
2025 3 13 21 20 16 0.52 0.31 0.82
2025 3 13 21 20 17 0.50 0.27 0.84
2025 3 13 21 20 17 0.48 0.24 0.92
2025 3 13 21 20 17 0.48 0.24 1.03
2025 3 13 21 20 17 0.48 0.28 0.93
2025 3 13 21 20 17 0.45 0.39 0.70
2025 3 13 21 20 17 0.42 0.45 0.64
2025 3 13 21 20 17 0.29 0.44 0.58
2025 3 13 21 20 17 0.30 0.34 0.89
2025 3 13 21 20 18 0.40 0.13 1.27
2025 3 13 21 20 18 0.42 0.05 1.04
2025 3 13 21 20 18 0.34 0.13 0.94
2025 3 13 21 20 18 0.33 0.08 1.03
2025 3 13 21 20 18 0.53 0.14 0.98
2025 3 13 21 20 18 0.35 0.02 0.79
2025 3 13 21 20 18 0.52 0.00 0.79
2025 3 13 21 20 18 0.46 -0.16 1.01
2025 3 13 21 20 19 0.34 -0.06 0.86
2025 3 13 21 20 19 0.15 -0.13 0.78
2025 3 13 21 20 19 0.27 -0.15 1.07
2025 3 13 21 20 19 0.32 -0.17 1.03
2025 3 13 21 20 19 0.16 -0.17 0.98
2025 3 13 21 20 19 -0.03 -0.21 0.89
2025 3 13 21 20 19 0.02 -0.27 0.91
2025 3 13 21 20 19 -0.01 -0.21 0.94
2025 3 13 21 20 20 0.03 -0.25 0.99
2025 3 13 21 20 20 -0.02 -0.26 0.92
2025 3 13 21 20 20 -0.00 -0.25 0.92
2025 3 13 21 20 20 0.01 -0.28 1.02
2025 3 13 21 20 20 0.03 -0.28 0.98
2025 3 13 21 20 20 -0.01 -0.29 0.95
2025 3 13 21 20 20 0.11 -0.45 1.00
2025 3 13 21 20 20 0.09 -0.34 0.95
2025 3 13 21 20 21 0.10 -0.35 0.99
2025 3 13 21 20 21 0.12 -0.30 1.00
2025 3 13 21 20 21 -0.06 -0.36 0.91
2025 3 13 21 20 21 0.10 -0.36 0.99
2025 3 13 21 20 21 -0.01 -0.29 0.91
2025 3 13 21 20 21 0.11 -0.38 1.04
2025 3 13 21 20 21 0.05 -0.30 1.00
2025 3 13 21 20 21 0.10 -0.32 1.02
2025 3 13 21 20 22 0.00 -0.32 0.92
2025 3 13 21 20 22 0.07 -0.39 0.99
2025 3 13 21 20 22 -0.02 -0.32 0.96
2025 3 13 21 20 22 -0.05 -0.29 0.96
2025 3 13 21 20 22 -0.04 -0.18 0.99
2025 3 13 21 20 22 -0.04 -0.08 1.01
2025 3 13 21 20 22 0.10 -0.14 0.95
2025 3 13 21 20 22 0.04 -0.20 1.16
2025 3 13 21 20 23 0.05 -0.14 1.03
2025 3 13 21 20 23 -0.02 -0.12 0.98
2025 3 13 21 20 23 -0.00 -0.11 1.01
2025 3 13 21 20 23 0.02 -0.09 1.04
2025 3 13 21 20 23 0.02 -0.10 1.03
2025 3 13 21 20 23 -0.01 -0.09 1.02
2025 3 13 21 20 23 0.01 -0.07 1.05
2025 3 13 21 20 23 -0.01 -0.01 1.01
2025 3 13 21 20 24 0.01 -0.03 1.05
2025 3 13 21 20 24 -0.07 -0.02 1.00
2025 3 13 21 20 24 -0.11 0.00 0.99
2025 3 13 21 20 24 -0.07 0.09 1.02
2025 3 13 21 20 24 -0.15 0.13 0.95
2025 3 13 21 20 24 -0.12 0.14 0.99
2025 3 13 21 20 24 -0.06 0.10 1.05
2025 3 13 21 20 24 -0.06 0.10 1.06
2025 3 13 21 20 24 -0.16 0.06 0.96
2025 3 13 21 20 25 -0.24 0.08 0.90
2025 3 13 21 20 25 -0.14 0.15 1.04
2025 3 13 21 20 25 -0.13 0.17 1.00
2025 3 13 21 20 25 -0.09 0.18 1.01
2025 3 13 21 20 25 -0.08 0.17 1.01
2025 3 13 21 20 25 -0.08 0.15 1.01
2025 3 13 21 20 25 -0.10 0.09 1.00
2025 3 13 21 20 25 -0.08 0.04 0.99
2025 3 13 21 20 26 -0.07 0.04 1.01
2025 3 13 21 20 26 -0.10 0.08 1.01
2025 3 13 21 20 26 -0.12 0.09 0.98
2025 3 13 21 20 26 -0.13 0.14 1.00
2025 3 13 21 20 26 -0.09 0.08 1.01
2025 3 13 21 20 26 -0.10 0.05 1.01
2025 3 13 21 20 26 -0.11 0.11 1.01
2025 3 13 21 20 26 -0.12 0.11 1.00
2025 3 13 21 20 27 -0.12 0.10 1.00
2025 3 13 21 20 27 -0.13 0.10 1.01
2025 3 13 21 20 27 -0.15 0.09 1.01
2025 3 13 21 20 27 -0.15 0.05 0.98
2025 3 13 21 20 27 -0.14 0.06 0.99
2025 3 13 21 20 27 -0.12 0.02 1.01
2025 3 13 21 20 27 -0.13 0.04 1.01
2025 3 13 21 20 27 -0.12 0.02 1.01
2025 3 13 21 20 28 -0.14 0.03 1.00
2025 3 13 21 20 28 -0.23 0.06 0.98
2025 3 13 21 20 28 -0.13 -0.02 1.04
2025 3 13 21 20 28 -0.14 -0.11 1.01
2025 3 13 21 20 28 -0.22 -0.03 0.98
2025 3 13 21 20 28 -0.18 0.03 1.07
2025 3 13 21 20 28 -0.10 0.16 1.10
2025 3 13 21 20 28 -0.19 0.22 0.90
2025 3 13 21 20 29 -0.09 0.19 1.01
2025 3 13 21 20 29 -0.12 0.19 1.00
2025 3 13 21 20 29 -0.17 0.14 0.97
2025 3 13 21 20 29 -0.24 0.16 0.96
2025 3 13 21 20 29 -0.29 0.20 0.95
2025 3 13 21 20 29 -0.27 0.18 0.94
2025 3 13 21 20 29 -0.27 0.12 0.95
2025 3 13 21 20 29 -0.28 0.14 0.98
2025 3 13 21 20 30 -0.27 0.17 0.97
2025 3 13 21 20 30 -0.30 0.18 0.95
2025 3 13 21 20 30 -0.33 0.16 0.93
2025 3 13 21 20 30 -0.33 0.17 0.95
2025 3 13 21 20 30 -0.35 0.24 0.96
2025 3 13 21 20 30 -0.40 0.24 0.90
2025 3 13 21 20 30 -0.46 0.30 0.85
2025 3 13 21 20 30 -0.48 0.29 0.86
2025 3 13 21 20 31 -0.55 0.34 0.78
2025 3 13 21 20 31 -0.55 0.35 0.76
2025 3 13 21 20 31 -0.54 0.34 0.76
2025 3 13 21 20 31 -0.56 0.38 0.77
2025 3 13 21 20 31 -0.55 0.40 0.75
2025 3 13 21 20 31 -0.55 0.41 0.74
2025 3 13 21 20 31 -0.56 0.43 0.75
2025 3 13 21 20 31 -0.54 0.42 0.75
2025 3 13 21 20 31 -0.56 0.41 0.71
2025 3 13 21 20 32 -0.55 0.44 0.73
2025 3 13 21 20 32 -0.54 0.42 0.74
2025 3 13 21 20 32 -0.57 0.44 0.72
2025 3 13 21 20 32 -0.54 0.43 0.78
2025 3 13 21 20 32 -0.55 0.37 0.74
2025 3 13 21 20 32 -0.56 0.40 0.72
2025 3 13 21 20 32 -0.55 0.40 0.74
2025 3 13 21 20 32 -0.55 0.40 0.74
2025 3 13 21 20 33 -0.54 0.39 0.77
2025 3 13 21 20 33 -0.52 0.41 0.80
2025 3 13 21 20 33 -0.55 0.39 0.74
2025 3 13 21 20 33 -0.55 0.42 0.74
2025 3 13 21 20 33 -0.54 0.42 0.74
2025 3 13 21 20 33 -0.57 0.43 0.71
2025 3 13 21 20 33 -0.57 0.43 0.70
2025 3 13 21 20 33 -0.56 0.43 0.72
2025 3 13 21 20 34 -0.58 0.46 0.73
2025 3 13 21 20 34 -0.55 0.46 0.75
2025 3 13 21 20 34 -0.58 0.45 0.68
2025 3 13 21 20 34 -0.58 0.44 0.69
2025 3 13 21 20 34 -0.57 0.46 0.72
2025 3 13 21 20 34 -0.59 0.45 0.68
2025 3 13 21 20 34 -0.58 0.44 0.69
2025 3 13 21 20 34 -0.57 0.44 0.69
2025 3 13 21 20 35 -0.60 0.46 0.67
2025 3 13 21 20 35 -0.58 0.45 0.70
2025 3 13 21 20 35 -0.58 0.44 0.71
2025 3 13 21 20 35 -0.57 0.45 0.71
2025 3 13 21 20 35 -0.60 0.44 0.69
2025 3 13 21 20 35 -0.59 0.44 0.70
2025 3 13 21 20 35 -0.60 0.45 0.68
2025 3 13 21 20 35 -0.59 0.43 0.70
2025 3 13 21 20 36 -0.60 0.44 0.69
2025 3 13 21 20 36 -0.60 0.43 0.70
2025 3 13 21 20 36 -0.61 0.42 0.68
2025 3 13 21 20 36 -0.61 0.44 0.68
2025 3 13 21 20 36 -0.62 0.43 0.66
2025 3 13 21 20 36 -0.61 0.41 0.66
2025 3 13 21 20 36 -0.61 0.43 0.68
2025 3 13 21 20 36 -0.62 0.43 0.69
2025 3 13 21 20 37 -0.61 0.43 0.67
2025 3 13 21 20 37 -0.61 0.42 0.67
2025 3 13 21 20 37 -0.60 0.40 0.69
2025 3 13 21 20 37 -0.59 0.41 0.71
2025 3 13 21 20 37 -0.59 0.43 0.70
2025 3 13 21 20 37 -0.59 0.41 0.69
2025 3 13 21 20 37 -0.61 0.42 0.70
2025 3 13 21 20 37 -0.60 0.42 0.68
2025 3 13 21 20 38 -0.58 0.42 0.71
2025 3 13 21 20 38 -0.58 0.40 0.72
2025 3 13 21 20 38 -0.58 0.43 0.73
2025 3 13 21 20 38 -0.58 0.42 0.71
2025 3 13 21 20 38 -0.60 0.44 0.69
2025 3 13 21 20 38 -0.59 0.44 0.70
2025 3 13 21 20 38 -0.59 0.40 0.69
2025 3 13 21 20 38 -0.61 0.44 0.67
2025 3 13 21 20 38 -0.60 0.44 0.69
2025 3 13 21 20 39 -0.59 0.43 0.70
2025 3 13 21 20 39 -0.60 0.41 0.68
2025 3 13 21 20 39 -0.59 0.44 0.70
2025 3 13 21 20 39 -0.61 0.48 0.71
2025 3 13 21 20 39 -0.60 0.42 0.69
2025 3 13 21 20 39 -0.60 0.43 0.71
2025 3 13 21 20 39 -0.58 0.37 0.68
2025 3 13 21 20 39 -0.59 0.38 0.73
2025 3 13 21 20 40 -0.57 0.44 0.80
2025 3 13 21 20 40 -0.54 0.35 0.70
2025 3 13 21 20 40 -0.51 0.36 0.80
2025 3 13 21 20 40 -0.53 0.39 0.75
2025 3 13 21 20 40 -0.48 0.37 0.85
2025 3 13 21 20 40 -0.47 0.39 0.88
2025 3 13 21 20 40 -0.47 0.36 0.81
2025 3 13 21 20 40 -0.44 0.37 0.86
2025 3 13 21 20 41 -0.43 0.34 0.84
2025 3 13 21 20 41 -0.44 0.36 0.83
2025 3 13 21 20 41 -0.42 0.35 0.84
2025 3 13 21 20 41 -0.40 0.34 0.87
2025 3 13 21 20 41 -0.40 0.33 0.87
2025 3 13 21 20 41 -0.39 0.33 0.88
2025 3 13 21 20 41 -0.39 0.33 0.87
2025 3 13 21 20 41 -0.39 0.35 0.88
2025 3 13 21 20 42 -0.37 0.34 0.89
2025 3 13 21 20 42 -0.36 0.34 0.89
2025 3 13 21 20 42 -0.37 0.32 0.87
2025 3 13 21 20 42 -0.34 0.32 0.88
2025 3 13 21 20 42 -0.36 0.33 0.88
2025 3 13 21 20 42 -0.31 0.34 0.90
2025 3 13 21 20 42 -0.31 0.31 0.90
2025 3 13 21 20 42 -0.28 0.30 0.91
2025 3 13 21 20 43 -0.23 0.35 0.93
2025 3 13 21 20 43 -0.21 0.35 0.98
2025 3 13 21 20 43 -0.13 0.30 0.96
2025 3 13 21 20 43 -0.08 0.32 1.01
2025 3 13 21 20 43 -0.05 0.37 0.99
2025 3 13 21 20 43 -0.05 0.25 0.96
2025 3 13 21 20 43 0.01 0.18 1.08
2025 3 13 21 20 43 0.03 0.01 1.07
2025 3 13 21 20 44 0.02 -0.16 1.12
2025 3 13 21 20 44 -0.01 0.06 1.01
2025 3 13 21 20 44 0.29 -0.35 0.93
2025 3 13 21 20 44 -0.17 -0.33 1.06
2025 3 13 21 20 44 0.42 -0.42 1.06
2025 3 13 21 20 44 0.35 -0.17 1.02
2025 3 13 21 20 44 0.22 -0.18 1.00
2025 3 13 21 20 44 0.01 -0.07 0.92
2025 3 13 21 20 45 -0.02 0.00 1.08
2025 3 13 21 20 45 0.05 0.00 0.99
2025 3 13 21 20 45 0.09 -0.04 0.98
2025 3 13 21 20 45 0.18 -0.11 1.03
2025 3 13 21 20 45 0.20 -0.18 1.00
2025 3 13 21 20 45 0.17 -0.25 1.03
2025 3 13 21 20 45 0.04 -0.31 1.03
2025 3 13 21 20 45 -0.20 -0.20 0.94
2025 3 13 21 20 45 -0.34 -0.11 0.91
2025 3 13 21 20 46 -0.46 -0.13 0.88
2025 3 13 21 20 46 -0.61 -0.04 0.71
2025 3 13 21 20 46 -0.52 -0.11 0.87
2025 3 13 21 20 46 -0.58 -0.14 0.83
2025 3 13 21 20 46 -0.54 -0.14 0.79
2025 3 13 21 20 46 -0.59 -0.18 0.82
2025 3 13 21 20 46 -0.59 -0.20 0.81
2025 3 13 21 20 46 -0.58 -0.12 0.77
2025 3 13 21 20 47 -0.67 -0.17 0.75
2025 3 13 21 20 47 -0.71 -0.15 0.71
2025 3 13 21 20 47 -0.71 -0.16 0.71
2025 3 13 21 20 47 -0.77 -0.14 0.73
2025 3 13 21 20 47 -0.82 -0.17 0.63
2025 3 13 21 20 47 -0.68 -0.13 0.74
2025 3 13 21 20 47 -0.77 -0.14 0.70
2025 3 13 21 20 47 -0.74 -0.05 0.65
2025 3 13 21 20 48 -0.78 -0.09 0.63
2025 3 13 21 20 48 -0.80 -0.04 0.60
2025 3 13 21 20 48 -0.83 -0.07 0.56
2025 3 13 21 20 48 -0.89 0.02 0.45
2025 3 13 21 20 48 -0.91 -0.02 0.46
2025 3 13 21 20 48 -0.85 0.02 0.52
2025 3 13 21 20 48 -0.82 -0.04 0.60
2025 3 13 21 20 48 -0.80 -0.10 0.67
2025 3 13 21 20 49 -0.82 -0.02 0.55
2025 3 13 21 20 49 -0.86 0.03 0.53
2025 3 13 21 20 49 -0.83 -0.02 0.56
2025 3 13 21 20 49 -0.82 -0.00 0.54
2025 3 13 21 20 49 -0.88 0.04 0.51
2025 3 13 21 20 49 -0.90 0.04 0.48
2025 3 13 21 20 49 -0.84 -0.02 0.58
2025 3 13 21 20 49 -0.87 -0.03 0.58
2025 3 13 21 20 50 -0.84 0.04 0.52
2025 3 13 21 20 50 -0.80 0.04 0.60
2025 3 13 21 20 50 -0.83 0.12 0.48
2025 3 13 21 20 50 -0.88 -0.02 0.48
2025 3 13 21 20 50 -0.83 0.00 0.58
2025 3 13 21 20 50 -0.89 0.13 0.45
2025 3 13 21 20 50 -0.86 0.15 0.49
2025 3 13 21 20 50 -0.89 0.08 0.49
2025 3 13 21 20 51 -0.79 0.11 0.43
2025 3 13 21 20 51 -0.94 0.06 0.45
2025 3 13 21 20 51 -0.88 0.16 0.39
2025 3 13 21 20 51 -0.93 0.10 0.46
2025 3 13 21 20 51 -0.95 0.20 0.36
2025 3 13 21 20 51 -0.87 0.13 0.43
2025 3 13 21 20 51 -0.89 0.04 0.51
2025 3 13 21 20 51 -0.91 0.10 0.41
2025 3 13 21 20 52 -0.86 0.27 0.36
2025 3 13 21 20 52 -0.91 0.14 0.41
2025 3 13 21 20 52 -0.85 0.14 0.45
2025 3 13 21 20 52 -0.95 0.07 0.35
2025 3 13 21 20 52 -0.96 0.15 0.41
2025 3 13 21 20 52 -0.87 0.28 0.36
2025 3 13 21 20 52 -0.91 0.12 0.47
2025 3 13 21 20 52 -0.92 0.09 0.45
2025 3 13 21 20 53 -0.94 0.10 0.47
2025 3 13 21 20 53 -0.91 0.13 0.46
2025 3 13 21 20 53 -0.89 0.13 0.40
2025 3 13 21 20 53 -0.99 0.12 0.40
2025 3 13 21 20 53 -0.89 0.21 0.29
2025 3 13 21 20 53 -0.92 0.27 0.35
2025 3 13 21 20 53 -0.92 0.12 0.42
2025 3 13 21 20 53 -0.89 0.12 0.38
2025 3 13 21 20 53 -0.93 0.10 0.46
2025 3 13 21 20 54 -0.91 0.24 0.38
2025 3 13 21 20 54 -0.98 0.19 0.36
2025 3 13 21 20 54 -0.89 0.18 0.39
2025 3 13 21 20 54 -0.90 0.10 0.44
2025 3 13 21 20 54 -0.87 0.11 0.45
2025 3 13 21 20 54 -0.90 0.12 0.44
2025 3 13 21 20 54 -0.91 0.14 0.43
2025 3 13 21 20 54 -0.90 0.22 0.37
2025 3 13 21 20 55 -0.91 0.20 0.38
2025 3 13 21 20 55 -0.84 0.20 0.39
2025 3 13 21 20 55 -0.96 0.13 0.40
2025 3 13 21 20 55 -0.94 0.16 0.36
2025 3 13 21 20 55 -0.87 0.19 0.35
2025 3 13 21 20 55 -0.90 0.15 0.39
2025 3 13 21 20 55 -0.98 0.13 0.37
2025 3 13 21 20 55 -0.91 0.14 0.37
2025 3 13 21 20 56 -0.89 0.06 0.47
2025 3 13 21 20 56 -0.87 0.09 0.45
2025 3 13 21 20 56 -0.91 0.09 0.42
2025 3 13 21 20 56 -0.89 0.07 0.42
2025 3 13 21 20 56 -0.82 0.06 0.48
2025 3 13 21 20 56 -0.87 -0.01 0.57
2025 3 13 21 20 56 -0.94 0.19 0.28
2025 3 13 21 20 56 -0.95 0.12 0.30
2025 3 13 21 20 57 -0.95 0.14 0.31
2025 3 13 21 20 57 -0.91 0.21 0.29
2025 3 13 21 20 57 -0.95 0.16 0.29
2025 3 13 21 20 57 -1.00 0.12 0.22
2025 3 13 21 20 57 -0.94 0.14 0.24
2025 3 13 21 20 57 -1.00 0.15 0.11
2025 3 13 21 20 57 -0.92 0.05 0.34
2025 3 13 21 20 57 -0.94 0.14 0.27
2025 3 13 21 20 58 -0.96 0.16 0.31
2025 3 13 21 20 58 -0.95 0.16 0.30
2025 3 13 21 20 58 -0.95 0.18 0.29
2025 3 13 21 20 58 -0.91 0.21 0.28
2025 3 13 21 20 58 -0.94 0.13 0.32
2025 3 13 21 20 58 -0.96 0.16 0.24
2025 3 13 21 20 58 -0.91 0.17 0.29
2025 3 13 21 20 58 -0.98 0.16 0.41
2025 3 13 21 20 59 -1.00 0.21 0.38
2025 3 13 21 20 59 -0.95 0.17 0.24
2025 3 13 21 20 59 -1.00 0.16 0.28
2025 3 13 21 20 59 -0.89 0.22 0.28
2025 3 13 21 20 59 -1.03 0.13 0.25
2025 3 13 21 20 59 -0.94 0.20 0.22
2025 3 13 21 20 59 -0.96 0.10 0.33
2025 3 13 21 20 59 -0.85 0.18 0.34
2025 3 13 21 20 59 -0.92 0.14 0.31
2025 3 13 21 21 0 -0.92 0.18 0.29
2025 3 13 21 21 0 -0.95 0.08 0.43
2025 3 13 21 21 0 -0.86 0.13 0.40
2025 3 13 21 21 0 -0.90 0.19 0.27
2025 3 13 21 21 0 -0.80 0.21 0.34
2025 3 13 21 21 0 -0.88 0.15 0.37
2025 3 13 21 21 0 -0.93 0.19 0.33
2025 3 13 21 21 0 -0.93 0.14 0.35
2025 3 13 21 21 1 -0.99 0.16 0.30
2025 3 13 21 21 1 -0.95 0.17 0.32
2025 3 13 21 21 1 -0.88 0.14 0.41
2025 3 13 21 21 1 -0.92 0.14 0.35
2025 3 13 21 21 1 -0.91 0.11 0.39
2025 3 13 21 21 1 -0.89 0.13 0.38
2025 3 13 21 21 1 -0.91 0.15 0.32
2025 3 13 21 21 1 -0.92 0.12 0.37
2025 3 13 21 21 2 -0.99 0.17 0.30
2025 3 13 21 21 2 -0.86 0.16 0.27
2025 3 13 21 21 2 -0.95 0.12 0.34
2025 3 13 21 21 2 -0.95 0.12 0.32
2025 3 13 21 21 2 -0.94 0.13 0.35
2025 3 13 21 21 2 -0.94 0.12 0.31
2025 3 13 21 21 2 -0.92 0.14 0.32
2025 3 13 21 21 2 -0.96 0.12 0.32
2025 3 13 21 21 3 -0.90 0.12 0.39
2025 3 13 21 21 3 -0.89 0.14 0.37
2025 3 13 21 21 3 -0.89 0.13 0.35
2025 3 13 21 21 3 -0.94 0.13 0.33
2025 3 13 21 21 3 -0.93 0.10 0.39
2025 3 13 21 21 3 -0.99 0.10 0.34
2025 3 13 21 21 3 -0.90 0.05 0.49
2025 3 13 21 21 3 -0.92 0.10 0.42
2025 3 13 21 21 4 -0.90 0.14 0.51
2025 3 13 21 21 4 -0.91 0.03 0.45
2025 3 13 21 21 4 -0.86 0.04 0.46
2025 3 13 21 21 4 -0.83 -0.03 0.55
2025 3 13 21 21 4 -0.86 -0.06 0.53
2025 3 13 21 21 4 -0.82 -0.11 0.60
2025 3 13 21 21 4 -0.78 -0.19 0.64
2025 3 13 21 21 4 -0.70 -0.21 0.64
2025 3 13 21 21 5 -0.69 -0.31 0.64
2025 3 13 21 21 5 -0.44 -0.46 0.83
2025 3 13 21 21 5 -0.22 -0.50 0.89
2025 3 13 21 21 5 -0.17 -0.50 0.87
2025 3 13 21 21 5 -0.15 -0.52 0.86
2025 3 13 21 21 5 -0.13 -0.55 0.86
2025 3 13 21 21 5 -0.10 -0.54 0.81
2025 3 13 21 21 5 -0.11 -0.62 0.82
2025 3 13 21 21 6 -0.09 -0.57 0.81
2025 3 13 21 21 6 -0.10 -0.62 0.82
2025 3 13 21 21 6 -0.13 -0.55 0.78
2025 3 13 21 21 6 -0.08 -0.63 0.81
2025 3 13 21 21 6 -0.10 -0.63 0.79
2025 3 13 21 21 6 -0.07 -0.63 0.80
2025 3 13 21 21 6 -0.16 -0.64 0.74
2025 3 13 21 21 6 -0.20 -0.72 0.74
2025 3 13 21 21 6 -0.25 -0.66 0.69
2025 3 13 21 21 7 -0.27 -0.72 0.68
2025 3 13 21 21 7 -0.33 -0.77 0.68
2025 3 13 21 21 7 -0.42 -0.70 0.61
2025 3 13 21 21 7 -0.53 -0.67 0.56
2025 3 13 21 21 7 -0.71 -0.58 0.45
2025 3 13 21 21 7 -0.75 -0.49 0.39
2025 3 13 21 21 7 -0.61 -0.48 0.53
2025 3 13 21 21 7 -0.48 -0.63 0.68
2025 3 13 21 21 8 -0.29 -0.61 0.75
2025 3 13 21 21 8 -0.24 -0.68 0.76
2025 3 13 21 21 8 -0.23 -0.66 0.75
2025 3 13 21 21 8 -0.21 -0.63 0.75
2025 3 13 21 21 8 -0.26 -0.69 0.72
2025 3 13 21 21 8 -0.30 -0.66 0.65
2025 3 13 21 21 8 -0.25 -0.63 0.74
2025 3 13 21 21 8 -0.49 -0.75 0.57
2025 3 13 21 21 9 -0.40 -0.63 0.60
2025 3 13 21 21 9 -0.55 -0.76 0.56
2025 3 13 21 21 9 -0.56 -0.71 0.52
2025 3 13 21 21 9 -0.63 -0.58 0.45
2025 3 13 21 21 9 -0.62 -0.62 0.44
2025 3 13 21 21 9 -0.80 -0.55 0.38
2025 3 13 21 21 9 -0.69 -0.50 0.42
2025 3 13 21 21 9 -0.75 -0.48 0.37
2025 3 13 21 21 10 -0.58 -0.56 0.55
2025 3 13 21 21 10 -0.59 -0.61 0.54
2025 3 13 21 21 10 -0.53 -0.61 0.56
2025 3 13 21 21 10 -0.41 -0.67 0.66
2025 3 13 21 21 10 -0.38 -0.67 0.63
2025 3 13 21 21 10 -0.42 -0.67 0.62
2025 3 13 21 21 10 -0.38 -0.68 0.61
2025 3 13 21 21 10 -0.37 -0.70 0.65
2025 3 13 21 21 11 -0.49 -0.71 0.58
2025 3 13 21 21 11 -0.39 -0.68 0.62
2025 3 13 21 21 11 -0.38 -0.72 0.60
2025 3 13 21 21 11 -0.48 -0.69 0.50
2025 3 13 21 21 11 -0.53 -0.77 0.62
2025 3 13 21 21 11 -0.46 -0.57 0.65
2025 3 13 21 21 11 -0.45 -0.49 0.76
2025 3 13 21 21 11 -0.57 -0.41 0.74
2025 3 13 21 21 12 -0.59 -0.39 0.73
2025 3 13 21 21 12 -0.71 -0.32 0.66
2025 3 13 21 21 12 -0.74 -0.21 0.57
2025 3 13 21 21 12 -0.76 -0.22 0.60
2025 3 13 21 21 12 -0.76 -0.25 0.66
2025 3 13 21 21 12 -0.83 -0.21 0.48
2025 3 13 21 21 12 -0.60 -0.35 0.81
2025 3 13 21 21 12 -0.23 -0.29 1.00
2025 3 13 21 21 13 -0.10 -0.23 0.99
2025 3 13 21 21 13 0.13 -0.29 1.00
2025 3 13 21 21 13 0.05 -0.31 0.90
2025 3 13 21 21 13 -0.11 -0.27 1.03
2025 3 13 21 21 13 -0.15 -0.27 0.85
2025 3 13 21 21 13 0.39 0.65 -0.08
2025 3 13 21 21 13 0.56 0.31 1.24
2025 3 13 21 21 13 0.24 0.30 0.35
2025 3 13 21 21 13 0.39 -0.11 1.02
2025 3 13 21 21 14 0.38 0.09 0.82
2025 3 13 21 21 14 0.44 -0.15 1.16
2025 3 13 21 21 14 0.04 -0.49 0.90
2025 3 13 21 21 14 -0.10 -0.22 1.20
2025 3 13 21 21 14 -0.08 -0.14 0.96
2025 3 13 21 21 14 0.02 -0.19 0.71
2025 3 13 21 21 14 -0.20 -0.00 1.46
2025 3 13 21 21 14 0.04 -0.21 0.30
2025 3 13 21 21 15 -0.10 0.25 2.45
2025 3 13 21 21 15 0.08 -0.19 0.62
2025 3 13 21 21 15 -0.27 1.26 0.61
2025 3 13 21 21 15 0.17 -0.07 1.14
2025 3 13 21 21 15 0.32 -0.12 -0.04
2025 3 13 21 21 15 -0.11 -0.01 1.36
2025 3 13 21 21 15 0.15 -0.03 0.61
2025 3 13 21 21 15 0.62 0.12 0.65
2025 3 13 21 21 16 0.85 0.11 0.39
2025 3 13 21 21 16 1.00 0.24 0.02
2025 3 13 21 21 16 0.91 0.19 -0.26
2025 3 13 21 21 16 0.84 0.09 -0.37
2025 3 13 21 21 16 0.92 0.15 -0.39
2025 3 13 21 21 16 0.90 0.15 -0.35
2025 3 13 21 21 16 0.92 0.16 -0.35
2025 3 13 21 21 16 0.93 0.18 -0.28
2025 3 13 21 21 17 1.00 0.21 -0.11
2025 3 13 21 21 17 1.00 0.15 -0.07
2025 3 13 21 21 17 0.95 0.07 -0.21
2025 3 13 21 21 17 0.86 0.04 -0.31
2025 3 13 21 21 17 0.71 0.08 -0.59
2025 3 13 21 21 17 0.55 0.02 -0.73
2025 3 13 21 21 17 0.68 -0.19 -0.54
2025 3 13 21 21 17 0.99 -0.01 -0.13
2025 3 13 21 21 18 1.12 -0.27 -0.09
2025 3 13 21 21 18 0.57 -0.23 0.15
2025 3 13 21 21 18 1.34 -0.23 0.40
2025 3 13 21 21 18 0.31 -0.18 0.10
2025 3 13 21 21 18 1.12 -0.10 0.21
2025 3 13 21 21 18 0.39 -0.07 0.27
2025 3 13 21 21 18 0.99 -0.25 0.10
2025 3 13 21 21 18 0.40 -0.18 0.28
2025 3 13 21 21 19 0.99 0.01 0.14
2025 3 13 21 21 19 0.97 0.12 0.18
2025 3 13 21 21 19 0.93 0.00 0.19
2025 3 13 21 21 19 1.08 0.05 0.29
2025 3 13 21 21 19 0.88 0.33 0.11
2025 3 13 21 21 19 0.97 0.42 0.05
2025 3 13 21 21 19 0.86 0.54 -0.12
2025 3 13 21 21 19 0.75 0.52 -0.17
2025 3 13 21 21 20 0.82 0.58 -0.17
2025 3 13 21 21 20 0.84 0.59 -0.16
2025 3 13 21 21 20 1.05 0.53 -0.25
2025 3 13 21 21 20 0.75 0.45 0.58
2025 3 13 21 21 20 0.60 -0.03 0.76
2025 3 13 21 21 20 0.63 -0.14 0.71
2025 3 13 21 21 20 0.66 -0.12 0.70
2025 3 13 21 21 20 0.82 0.05 0.63
2025 3 13 21 21 21 0.93 0.08 0.40
2025 3 13 21 21 21 0.96 0.02 0.21
2025 3 13 21 21 21 1.13 -0.00 -0.07
2025 3 13 21 21 21 0.96 -0.07 -0.01
2025 3 13 21 21 21 1.02 -0.04 0.02
2025 3 13 21 21 21 0.95 -0.06 -0.09
2025 3 13 21 21 21 0.97 -0.05 -0.09
2025 3 13 21 21 21 0.98 -0.04 -0.09
2025 3 13 21 21 21 0.97 -0.03 -0.05
2025 3 13 21 21 22 1.02 0.01 -0.08
2025 3 13 21 21 22 0.99 0.01 -0.09
2025 3 13 21 21 22 1.02 0.03 -0.09
2025 3 13 21 21 22 0.98 0.05 -0.04
2025 3 13 21 21 22 1.01 0.07 -0.03
2025 3 13 21 21 22 1.01 0.07 0.02
2025 3 13 21 21 22 1.04 0.08 0.20
2025 3 13 21 21 22 0.95 0.07 0.03
2025 3 13 21 21 23 0.88 0.03 0.14
2025 3 13 21 21 23 1.10 0.05 0.15
2025 3 13 21 21 23 1.06 0.05 0.11
2025 3 13 21 21 23 1.00 -0.01 -0.01
2025 3 13 21 21 23 1.02 -0.02 -0.05
2025 3 13 21 21 23 0.99 -0.02 -0.04
2025 3 13 21 21 23 0.98 -0.02 -0.07
2025 3 13 21 21 23 1.02 0.01 -0.09
2025 3 13 21 21 24 1.03 0.02 -0.11
2025 3 13 21 21 24 1.04 0.06 -0.04
2025 3 13 21 21 24 0.83 -0.12 -0.04
2025 3 13 21 21 24 0.93 -0.09 -0.00
2025 3 13 21 21 24 1.06 -0.01 0.07
2025 3 13 21 21 24 0.97 -0.09 -0.04
2025 3 13 21 21 24 0.99 -0.09 -0.06
2025 3 13 21 21 24 0.92 -0.15 -0.22
2025 3 13 21 21 25 0.92 -0.18 -0.22
2025 3 13 21 21 25 0.90 -0.19 -0.30
2025 3 13 21 21 25 0.97 -0.15 -0.22
2025 3 13 21 21 25 1.00 -0.10 -0.21
2025 3 13 21 21 25 1.02 -0.04 -0.09
2025 3 13 21 21 25 1.01 -0.02 0.00
2025 3 13 21 21 25 0.99 -0.06 -0.09
2025 3 13 21 21 25 0.99 -0.07 -0.04
2025 3 13 21 21 26 1.02 -0.06 -0.14
2025 3 13 21 21 26 0.94 -0.13 -0.11
2025 3 13 21 21 26 1.01 -0.07 -0.21
2025 3 13 21 21 26 0.97 -0.10 -0.19
2025 3 13 21 21 26 0.96 -0.07 -0.31
2025 3 13 21 21 26 0.99 0.00 -0.03
2025 3 13 21 21 26 0.96 0.05 0.24
2025 3 13 21 21 26 0.98 0.05 0.24
2025 3 13 21 21 27 0.98 0.04 0.17
2025 3 13 21 21 27 1.01 0.08 0.20
2025 3 13 21 21 27 0.98 0.05 0.22
2025 3 13 21 21 27 0.98 0.08 0.20
2025 3 13 21 21 27 1.14 0.26 0.06
2025 3 13 21 21 27 0.89 -0.06 0.08
2025 3 13 21 21 27 0.96 -0.05 0.08
2025 3 13 21 21 27 1.07 -0.07 -0.20
2025 3 13 21 21 27 0.97 -0.07 -0.10
2025 3 13 21 21 28 0.99 -0.08 -0.16
2025 3 13 21 21 28 0.95 -0.11 -0.24
2025 3 13 21 21 28 0.85 -0.18 -0.29
2025 3 13 21 21 28 0.85 -0.20 -0.41
2025 3 13 21 21 28 0.87 -0.13 -0.51
2025 3 13 21 21 28 0.78 -0.17 -0.58
2025 3 13 21 21 28 0.71 -0.20 -0.58
2025 3 13 21 21 28 0.81 -0.16 -0.62
2025 3 13 21 21 29 0.75 -0.18 -0.65
2025 3 13 21 21 29 0.70 -0.20 -0.58
2025 3 13 21 21 29 0.75 -0.18 -0.61
2025 3 13 21 21 29 0.71 -0.17 -0.67
2025 3 13 21 21 29 0.78 -0.12 -0.56
2025 3 13 21 21 29 0.83 -0.17 -0.46
2025 3 13 21 21 29 0.96 -0.08 -0.34
2025 3 13 21 21 29 0.87 -0.13 -0.27
2025 3 13 21 21 30 0.92 -0.09 -0.20
2025 3 13 21 21 30 1.12 -0.04 -0.20
2025 3 13 21 21 30 0.94 -0.17 -0.28
2025 3 13 21 21 30 0.89 -0.18 -0.34
2025 3 13 21 21 30 0.88 -0.19 -0.35
2025 3 13 21 21 30 0.95 -0.19 -0.35
2025 3 13 21 21 30 0.91 -0.21 -0.37
2025 3 13 21 21 30 0.88 -0.20 -0.34
2025 3 13 21 21 31 1.00 -0.17 -0.19
2025 3 13 21 21 31 0.98 -0.20 -0.20
2025 3 13 21 21 31 0.96 -0.11 -0.13
2025 3 13 21 21 31 0.97 -0.12 -0.14
2025 3 13 21 21 31 1.00 -0.09 -0.13
2025 3 13 21 21 31 0.96 -0.14 -0.11
2025 3 13 21 21 31 1.01 -0.06 -0.08
2025 3 13 21 21 31 1.00 -0.02 0.04
2025 3 13 21 21 32 0.99 0.01 0.12
2025 3 13 21 21 32 1.15 0.08 0.16
2025 3 13 21 21 32 1.02 0.07 0.13
2025 3 13 21 21 32 0.97 0.04 0.15
2025 3 13 21 21 32 1.02 0.12 0.18
2025 3 13 21 21 32 0.97 0.11 0.24
2025 3 13 21 21 32 0.83 0.03 0.13
2025 3 13 21 21 32 1.08 0.13 0.22
2025 3 13 21 21 33 0.92 0.04 0.25
2025 3 13 21 21 33 0.97 0.09 0.25
2025 3 13 21 21 33 0.97 0.03 0.26
2025 3 13 21 21 33 0.97 0.09 0.28
2025 3 13 21 21 33 0.98 0.11 0.32
2025 3 13 21 21 33 0.92 0.13 0.35
2025 3 13 21 21 33 0.91 0.17 0.32
2025 3 13 21 21 33 0.90 0.19 0.41
2025 3 13 21 21 34 0.88 0.17 0.43
2025 3 13 21 21 34 0.85 0.15 0.38
2025 3 13 21 21 34 0.88 0.19 0.52
2025 3 13 21 21 34 0.85 0.16 0.46
2025 3 13 21 21 34 0.84 0.19 0.44
2025 3 13 21 21 34 0.87 0.19 0.47
2025 3 13 21 21 34 0.86 0.17 0.48
2025 3 13 21 21 34 0.86 0.16 0.50
2025 3 13 21 21 35 0.86 0.17 0.47
2025 3 13 21 21 35 0.87 0.17 0.51
2025 3 13 21 21 35 0.87 0.16 0.44
2025 3 13 21 21 35 0.83 0.15 0.56
2025 3 13 21 21 35 0.83 0.15 0.43
2025 3 13 21 21 35 0.87 0.16 0.48
2025 3 13 21 21 35 0.89 0.16 0.38
2025 3 13 21 21 35 0.91 0.21 0.48
2025 3 13 21 21 35 0.84 0.07 0.32
2025 3 13 21 21 36 0.90 0.19 0.46
2025 3 13 21 21 36 0.88 0.19 0.39
2025 3 13 21 21 36 0.93 0.19 0.40
2025 3 13 21 21 36 0.89 0.19 0.49
2025 3 13 21 21 36 0.82 0.16 0.34
2025 3 13 21 21 36 0.92 0.19 0.52
2025 3 13 21 21 36 0.90 0.19 0.38
2025 3 13 21 21 36 0.92 0.20 0.47
2025 3 13 21 21 37 0.97 0.23 0.40
2025 3 13 21 21 37 0.89 0.20 0.43
2025 3 13 21 21 37 0.83 0.21 0.38
2025 3 13 21 21 37 0.87 0.15 0.44
2025 3 13 21 21 37 0.88 0.17 0.45
2025 3 13 21 21 37 0.87 0.16 0.48
2025 3 13 21 21 37 0.88 0.16 0.45
2025 3 13 21 21 37 0.90 0.20 0.50
2025 3 13 21 21 38 0.84 0.27 0.36
2025 3 13 21 21 38 0.87 0.40 0.39
2025 3 13 21 21 38 0.84 0.28 0.36
2025 3 13 21 21 38 0.91 0.35 0.41
2025 3 13 21 21 38 0.87 0.32 0.42
2025 3 13 21 21 38 0.86 0.34 0.44
2025 3 13 21 21 38 0.83 0.31 0.47
2025 3 13 21 21 38 0.83 0.30 0.49
2025 3 13 21 21 39 0.84 0.30 0.46
2025 3 13 21 21 39 0.77 0.33 0.51
2025 3 13 21 21 39 0.92 0.36 0.43
2025 3 13 21 21 39 0.85 0.30 0.46
2025 3 13 21 21 39 0.92 0.32 0.39
2025 3 13 21 21 39 0.83 0.30 0.37
2025 3 13 21 21 39 0.90 0.30 0.38
2025 3 13 21 21 39 0.87 0.31 0.46
2025 3 13 21 21 40 0.84 0.24 0.39
2025 3 13 21 21 40 0.89 0.30 0.45
2025 3 13 21 21 40 0.88 0.29 0.33
2025 3 13 21 21 40 0.86 0.30 0.40
2025 3 13 21 21 40 0.90 0.30 0.40
2025 3 13 21 21 40 0.91 0.31 0.40
2025 3 13 21 21 40 0.88 0.32 0.48
2025 3 13 21 21 40 0.85 0.26 0.44
2025 3 13 21 21 41 0.83 0.22 0.51
2025 3 13 21 21 41 0.83 0.12 0.55
2025 3 13 21 21 41 0.82 0.06 0.57
2025 3 13 21 21 41 0.78 0.04 0.64
2025 3 13 21 21 41 0.61 -0.02 0.76
2025 3 13 21 21 41 0.55 -0.02 0.89
2025 3 13 21 21 41 0.58 -0.02 0.81
2025 3 13 21 21 41 0.62 0.02 0.77
2025 3 13 21 21 41 0.62 0.04 0.82
2025 3 13 21 21 42 0.62 0.05 0.81
2025 3 13 21 21 42 0.63 0.07 0.77
2025 3 13 21 21 42 0.62 0.10 0.80
2025 3 13 21 21 42 0.65 0.12 0.75
2025 3 13 21 21 42 0.65 0.14 0.73
2025 3 13 21 21 42 0.63 0.18 0.78
2025 3 13 21 21 42 0.66 0.17 0.75
2025 3 13 21 21 42 0.62 0.19 0.76
2025 3 13 21 21 43 0.64 0.21 0.77
2025 3 13 21 21 43 0.64 0.24 0.76
2025 3 13 21 21 43 0.61 0.22 0.78
2025 3 13 21 21 43 0.62 0.25 0.77
2025 3 13 21 21 43 0.64 0.24 0.76
2025 3 13 21 21 43 0.65 0.25 0.75
2025 3 13 21 21 43 0.65 0.25 0.75
2025 3 13 21 21 43 0.65 0.25 0.72
2025 3 13 21 21 44 0.66 0.25 0.70
2025 3 13 21 21 44 0.67 0.27 0.73
2025 3 13 21 21 44 0.66 0.29 0.72
2025 3 13 21 21 44 0.65 0.30 0.75
2025 3 13 21 21 44 0.62 0.27 0.76
2025 3 13 21 21 44 0.62 0.29 0.78
2025 3 13 21 21 44 0.60 0.29 0.79
2025 3 13 21 21 44 0.58 0.26 0.78
2025 3 13 21 21 45 0.59 0.26 0.84
2025 3 13 21 21 45 0.56 0.24 0.69
2025 3 13 21 21 45 0.57 0.29 0.79
2025 3 13 21 21 45 0.56 0.26 0.79
2025 3 13 21 21 45 0.56 0.26 0.81
2025 3 13 21 21 45 0.57 0.26 0.81
2025 3 13 21 21 45 0.52 0.24 0.83
2025 3 13 21 21 45 0.51 0.24 0.84
2025 3 13 21 21 46 0.51 0.26 0.85
2025 3 13 21 21 46 0.50 0.26 0.85
2025 3 13 21 21 46 0.51 0.24 0.82
2025 3 13 21 21 46 0.53 0.27 0.83
2025 3 13 21 21 46 0.54 0.29 0.83
2025 3 13 21 21 46 0.55 0.29 0.82
2025 3 13 21 21 46 0.55 0.29 0.84
2025 3 13 21 21 46 0.55 0.30 0.81
2025 3 13 21 21 47 0.53 0.32 0.81
2025 3 13 21 21 47 0.51 0.32 0.84
2025 3 13 21 21 47 0.50 0.30 0.83
2025 3 13 21 21 47 0.52 0.33 0.80
2025 3 13 21 21 47 0.50 0.27 0.78
2025 3 13 21 21 47 0.49 0.34 0.79
2025 3 13 21 21 47 0.54 0.31 0.76
2025 3 13 21 21 47 0.47 0.30 0.82
2025 3 13 21 21 48 0.53 0.35 0.77
2025 3 13 21 21 48 0.50 0.32 0.80
2025 3 13 21 21 48 0.49 0.31 0.82
2025 3 13 21 21 48 0.49 0.32 0.84
2025 3 13 21 21 48 0.51 0.31 0.85
2025 3 13 21 21 48 0.51 0.31 0.78
2025 3 13 21 21 48 0.49 0.33 0.80
2025 3 13 21 21 48 0.48 0.29 0.80
2025 3 13 21 21 48 0.52 0.32 0.80
2025 3 13 21 21 49 0.48 0.35 0.67
2025 3 13 21 21 49 0.54 0.37 0.84
2025 3 13 21 21 49 0.55 0.34 0.75
2025 3 13 21 21 49 0.56 0.35 0.76
2025 3 13 21 21 49 0.47 0.35 0.84
2025 3 13 21 21 49 0.47 0.33 0.87
2025 3 13 21 21 49 0.49 0.33 0.85
2025 3 13 21 21 49 0.48 0.32 0.84
2025 3 13 21 21 50 0.50 0.32 0.82
2025 3 13 21 21 50 0.52 0.33 0.81
2025 3 13 21 21 50 0.50 0.31 0.85
2025 3 13 21 21 50 0.40 0.23 0.99
2025 3 13 21 21 50 0.47 0.04 0.89
2025 3 13 21 21 50 0.44 -0.12 0.85
2025 3 13 21 21 50 0.35 -0.17 0.94
2025 3 13 21 21 50 0.32 -0.18 0.78
2025 3 13 21 21 51 0.24 0.07 1.14
2025 3 13 21 21 51 0.11 0.02 1.02
2025 3 13 21 21 51 0.20 0.12 1.00
2025 3 13 21 21 51 0.18 0.13 1.04
2025 3 13 21 21 51 0.22 0.18 1.00
2025 3 13 21 21 51 0.23 0.17 0.97
2025 3 13 21 21 51 0.21 0.16 1.01
2025 3 13 21 21 51 0.20 0.15 0.99
2025 3 13 21 21 52 0.22 0.16 0.99
2025 3 13 21 21 52 0.19 0.11 0.97
2025 3 13 21 21 52 0.24 0.05 1.02
2025 3 13 21 21 52 0.27 0.07 0.94
2025 3 13 21 21 52 0.37 0.05 0.90
2025 3 13 21 21 52 0.46 0.20 0.89
2025 3 13 21 21 52 0.50 0.23 0.84
2025 3 13 21 21 52 0.59 0.34 0.83
2025 3 13 21 21 53 0.62 0.28 0.74
2025 3 13 21 21 53 0.64 0.30 0.73
2025 3 13 21 21 53 0.68 0.35 0.61
2025 3 13 21 21 53 0.71 0.32 0.66
2025 3 13 21 21 53 0.66 0.33 0.63
2025 3 13 21 21 53 0.74 0.33 0.58
2025 3 13 21 21 53 0.76 0.47 0.67
2025 3 13 21 21 53 0.77 0.46 0.57
2025 3 13 21 21 54 0.46 0.37 0.51
2025 3 13 21 21 54 0.63 0.36 0.50
2025 3 13 21 21 54 0.76 0.38 0.48
2025 3 13 21 21 54 0.73 0.46 0.45
2025 3 13 21 21 54 0.74 0.41 0.52
2025 3 13 21 21 54 0.66 0.38 0.53
2025 3 13 21 21 54 0.80 0.53 0.73
2025 3 13 21 21 54 0.77 0.45 0.46
2025 3 13 21 21 55 1.01 0.51 0.32
2025 3 13 21 21 55 0.76 0.41 0.32
2025 3 13 21 21 55 0.81 0.52 0.30
2025 3 13 21 21 55 0.84 0.43 0.30
2025 3 13 21 21 55 0.76 0.44 0.11
2025 3 13 21 21 55 0.85 0.41 0.14
2025 3 13 21 21 55 0.82 0.40 0.13
2025 3 13 21 21 55 0.87 0.49 0.14
2025 3 13 21 21 55 0.99 0.70 0.10
2025 3 13 21 21 56 0.71 0.41 0.03
2025 3 13 21 21 56 0.91 0.41 0.05
2025 3 13 21 21 56 0.83 0.43 0.04
2025 3 13 21 21 56 0.90 0.52 -0.01
2025 3 13 21 21 56 0.91 0.53 0.02
2025 3 13 21 21 56 0.86 0.48 -0.09
2025 3 13 21 21 56 0.93 0.54 0.08
2025 3 13 21 21 56 0.85 0.35 0.10
2025 3 13 21 21 57 0.92 0.33 -0.06
2025 3 13 21 21 57 0.97 0.39 -0.21
2025 3 13 21 21 57 1.03 0.44 -0.06
2025 3 13 21 21 57 0.89 0.30 -0.16
2025 3 13 21 21 57 0.89 0.33 -0.22
2025 3 13 21 21 57 0.87 0.26 -0.18
2025 3 13 21 21 57 0.91 0.30 -0.25
2025 3 13 21 21 57 0.71 -0.02 -0.38
2025 3 13 21 21 58 0.91 0.20 -0.19
2025 3 13 21 21 58 1.10 0.22 -0.26
2025 3 13 21 21 58 1.05 0.05 -0.30
2025 3 13 21 21 58 1.02 0.12 -0.27
2025 3 13 21 21 58 0.87 0.06 -0.20
2025 3 13 21 21 58 0.95 0.06 -0.23
2025 3 13 21 21 58 0.89 -0.03 -0.20
2025 3 13 21 21 58 0.98 0.06 -0.21
2025 3 13 21 21 59 1.07 0.18 -0.16
2025 3 13 21 21 59 1.01 0.05 -0.18
2025 3 13 21 21 59 1.09 0.14 -0.05
2025 3 13 21 21 59 1.00 0.10 -0.05
2025 3 13 21 21 59 0.91 0.16 -0.32
2025 3 13 21 21 59 1.19 0.43 -0.04
2025 3 13 21 21 59 1.47 0.14 -0.36
2025 3 13 21 21 59 1.07 0.21 -0.09
2025 3 13 21 22 0 0.99 0.22 -0.11
2025 3 13 21 22 0 0.97 0.13 -0.08
2025 3 13 21 22 0 1.02 0.18 -0.09
2025 3 13 21 22 0 1.01 0.13 -0.07
2025 3 13 21 22 0 0.95 0.13 -0.04
2025 3 13 21 22 0 0.97 0.19 -0.10
2025 3 13 21 22 0 1.01 0.17 0.01
2025 3 13 21 22 0 0.96 0.09 0.03
2025 3 13 21 22 1 0.96 0.08 0.07
2025 3 13 21 22 1 0.98 0.13 0.01
2025 3 13 21 22 1 0.99 0.11 0.06
2025 3 13 21 22 1 0.87 0.17 0.02
2025 3 13 21 22 1 0.96 0.23 0.23
2025 3 13 21 22 1 0.90 0.19 0.17
2025 3 13 21 22 1 1.00 0.31 0.16
2025 3 13 21 22 1 1.00 0.36 0.23
2025 3 13 21 22 2 0.94 0.39 0.16
2025 3 13 21 22 2 0.87 0.43 0.12
2025 3 13 21 22 2 0.88 0.48 0.16
2025 3 13 21 22 2 1.02 2.13 1.73
2025 3 13 21 22 2 0.33 0.45 0.39
2025 3 13 21 22 2 0.47 0.58 0.74
2025 3 13 21 22 2 0.44 0.32 0.70
2025 3 13 21 22 2 0.21 0.35 0.65
2025 3 13 21 22 2 -0.25 1.03 3.79
2025 3 13 21 22 3 0.33 -0.06 1.09
2025 3 13 21 22 3 0.27 -0.03 0.88
2025 3 13 21 22 3 0.05 0.10 0.92
2025 3 13 21 22 3 0.09 0.16 0.95
2025 3 13 21 22 3 0.10 0.01 1.01
2025 3 13 21 22 3 0.08 -0.16 0.86
2025 3 13 21 22 3 -0.04 0.09 1.09
2025 3 13 21 22 3 -0.70 -0.38 0.39
2025 3 13 21 22 4 -0.13 0.08 0.99
2025 3 13 21 22 4 -0.12 0.08 1.01
2025 3 13 21 22 4 -0.12 0.08 1.02
2025 3 13 21 22 4 -0.12 0.08 1.00
2025 3 13 21 22 4 -0.12 0.08 1.00
2025 3 13 21 22 4 -0.13 0.08 1.00
2025 3 13 21 22 4 -0.12 0.08 1.01
2025 3 13 21 22 4 -0.12 0.07 1.01
2025 3 13 21 22 5 -0.11 0.07 1.01
2025 3 13 21 22 5 -0.12 0.08 1.01
2025 3 13 21 22 5 -0.12 0.08 1.00
2025 3 13 21 22 5 -0.12 0.08 1.01
2025 3 13 21 22 5 -0.12 0.08 1.01
2025 3 13 21 22 5 -0.12 0.08 1.01
2025 3 13 21 22 5 -0.12 0.08 1.01
2025 3 13 21 22 5 -0.12 0.08 1.01
2025 3 13 21 22 6 -0.12 0.08 1.01
2025 3 13 21 22 6 -0.12 0.08 1.01
2025 3 13 21 22 6 -0.12 0.08 1.01
2025 3 13 21 22 6 -0.12 0.08 1.01
2025 3 13 21 22 6 -0.12 0.08 1.01
2025 3 13 21 22 6 -0.12 0.08 1.01
2025 3 13 21 22 6 -0.12 0.08 1.01
2025 3 13 21 22 6 -0.12 0.08 1.01
2025 3 13 21 22 7 -0.12 0.08 1.02
2025 3 13 21 22 7 -0.10 0.08 1.01
2025 3 13 21 22 7 -0.12 0.08 1.01
2025 3 13 21 22 7 -0.13 0.08 1.01
2025 3 13 21 22 7 -0.12 0.08 1.01
2025 3 13 21 22 7 -0.13 0.08 1.01
2025 3 13 21 22 7 -0.12 0.08 1.01
2025 3 13 21 22 7 -0.11 0.06 1.02
2025 3 13 21 22 8 -0.12 0.08 1.01
2025 3 13 21 22 8 -0.12 0.08 1.01
2025 3 13 21 22 8 -0.12 0.08 1.01
2025 3 13 21 22 8 -0.15 0.06 1.01
2025 3 13 21 22 8 -0.12 0.08 1.02
2025 3 13 21 22 8 -0.12 0.08 1.01
2025 3 13 21 22 8 -0.12 0.09 1.01
2025 3 13 21 22 8 -0.12 0.08 1.01
2025 3 13 21 22 9 -0.12 0.08 1.01
2025 3 13 21 22 9 -0.12 0.09 1.01
2025 3 13 21 22 9 -0.12 0.08 1.01
2025 3 13 21 22 9 -0.13 0.08 1.03
2025 3 13 21 22 9 -0.10 0.05 1.04
2025 3 13 21 22 9 -0.14 0.06 1.04
2025 3 13 21 22 9 -0.16 0.21 0.82
2025 3 13 21 22 9 -0.10 0.24 1.00
2025 3 13 21 22 9 -0.16 0.25 1.00
2025 3 13 21 22 10 -0.17 0.40 0.84
2025 3 13 21 22 10 -0.18 0.26 0.89
2025 3 13 21 22 10 -0.08 0.36 0.97
2025 3 13 21 22 10 -0.05 0.27 1.00
2025 3 13 21 22 10 -0.07 0.10 0.92
2025 3 13 21 22 10 -0.13 0.17 0.98
2025 3 13 21 22 10 -0.15 0.22 0.98
2025 3 13 21 22 10 -0.17 0.19 0.97
2025 3 13 21 22 11 -0.17 0.15 0.99
2025 3 13 21 22 11 -0.18 0.22 0.98
2025 3 13 21 22 11 -0.17 0.23 0.99
2025 3 13 21 22 11 -0.19 0.20 0.99
2025 3 13 21 22 11 -0.20 0.23 0.98
2025 3 13 21 22 11 -0.21 0.07 0.90
2025 3 13 21 22 11 -0.13 0.39 0.80
2025 3 13 21 22 11 -0.23 0.20 0.92
2025 3 13 21 22 12 -0.32 0.08 0.97
2025 3 13 21 22 12 -0.13 0.27 0.99
2025 3 13 21 22 12 -0.28 0.18 0.88
2025 3 13 21 22 12 -0.18 0.36 0.94
2025 3 13 21 22 12 -0.12 0.34 0.95
2025 3 13 21 22 12 -0.20 -0.13 0.94
2025 3 13 21 22 12 -0.24 0.18 0.97
2025 3 13 21 22 12 -0.27 0.29 1.04
2025 3 13 21 22 13 -0.15 0.27 1.03
2025 3 13 21 22 13 -0.31 0.08 1.00
2025 3 13 21 22 13 -0.20 0.28 0.91
